3	d1a62a1A	0	2	138.692470
3	d1a62a1A	1	2	30.175412
3	d1a6qa1A	0	2	-41.910383
3	d1a8da1A	0	2	-82.787972
3	d1b67a_A	1	2	116.749560
3	d1b6aa1A	0	2	-78.124348
3	d1cmba_A	0	1	110.540890
3	d1coja1A	1	2	-146.094552
3	d1cuka1A	0	1	136.550065
3	d1cuka1A	0	2	-47.139986
3	d1cuna2A	0	1	-159.596465
3	d1cuna2A	0	2	22.232491
3	d1dp7p_P	1	2	96.383899
3	d1e3oc1C	0	2	-59.798680
3	d1e7la1A	0	1	139.680621
3	d1e7la1A	0	2	149.530271
3	d1e7la1A	1	2	22.654968
3	d1es6a2A	1	2	-164.479310
3	d1ez3a_A	0	1	-153.933916
3	d1ez3a_A	0	2	8.107707
3	d1fpoa2A	0	1	-159.306336
3	d1fpoa2A	0	2	-6.287636
3	d1fpoa2A	1	2	-159.646367
3	d1fs1a1A	0	2	-66.065549
3	d1g73a_A	0	1	-160.542555
3	d1g73a_A	0	2	18.244862
3	d1g73a_A	1	2	-160.016791
3	d1gpja1A	0	1	148.588108
3	d1gv2a2A	1	2	108.304105
3	d1gvna_A	0	1	-153.699723
3	d1gvna_A	0	2	22.919958
3	d1gvna_A	1	2	-162.503488
3	d1gxqa_A	0	2	-86.083608
3	d1h6fa_A	0	2	161.577902
3	d1hf8a1A	0	1	-151.861929
3	d1hypa_A	1	2	126.178870
3	d1i5za1A	1	2	101.598192
3	d1iwma_A	1	2	118.107461
3	d1j0pa_A	1	2	169.530026
3	d1jb3a_A	0	2	-64.799893
3	d1jhfa1A	0	2	-91.739868
3	d1jmxa1A	0	2	-113.776407
3	d1jmxa1A	1	2	135.975214
3	d1jnra1A	0	1	-170.108949
3	d1jnra1A	0	2	17.338773
3	d1jnra1A	1	2	-152.776701
3	d1k61a_A	0	1	163.001297
3	d1k61a_A	0	2	-61.073398
3	d1kgsa1A	0	2	-77.076653
3	d1ku3a_A	0	1	133.346175
3	d1ku3a_A	0	2	-101.497228
3	d1ku3a_A	1	2	105.306530
3	d1kxpd3D	0	1	135.539454
3	d1kxpd3D	1	2	-144.337725
3	d1le6a_A	0	2	-31.418787
3	d1le6a_A	1	2	174.949288
3	d1lm8v_V	0	1	-69.454244
3	d1lvfa_A	0	1	-151.810342
3	d1lvfa_A	0	2	20.172971
3	d1lvfa_A	1	2	-153.051652
3	d1m1eb_B	0	1	-121.119261
3	d1m1eb_B	0	2	-65.517526
3	d1maia_A	0	2	-106.957342
3	d1n1jb_B	1	2	105.973965
3	d1nh2b_B	0	2	159.720972
3	d1nvma1A	0	2	-33.193161
3	d1nvma1A	1	2	110.607818
3	d1oaia_A	0	1	116.136518
3	d1ofcx1X	0	2	-83.024781
3	d1okkd1D	0	1	156.223503
3	d1okkd1D	0	2	-30.965372
3	d1okkd1D	1	2	134.390863
3	d1oksa_A	0	1	169.585992
3	d1olma1A	0	1	106.845278
3	d1olma1A	1	2	112.982382
3	d1on2a1A	0	1	117.521364
3	d1on2a1A	0	2	-96.934897
3	d1orua_A	1	2	129.775684
3	d1owfa_A	0	1	124.634805
3	d1pl8a1A	0	2	-104.668460
3	d1poca_A	0	1	174.310295
3	d1poca_A	1	2	-146.084378
3	d1pufa_A	0	1	166.850330
3	d1pufa_A	0	2	-71.006278
3	d1qsda_A	0	1	-160.851021
3	d1sf9a_A	0	2	-38.066910
3	d1sf9a_A	1	2	-159.999609
3	d1sfua_A	0	2	-69.682838
3	d1sfua_A	1	2	121.065377
3	d1sr9a1A	1	2	110.178938
3	d1t95a1A	0	1	123.147268
3	d1tafa_A	1	2	115.422931
3	d1tafb_B	1	2	118.134612
3	d1txja_A	1	2	172.534797
3	d1u5pa1A	0	1	-156.484517
3	d1u5pa1A	0	2	27.071769
3	d1u5pa1A	1	2	-162.578249
3	d1u5pa2A	0	2	18.576031
3	d1u5pa2A	1	2	-163.211818
3	d1uj8a1A	0	2	-53.104429
3	d1uj8a1A	1	2	85.815591
3	d1uptb_B	0	1	-153.334082
3	d1uptb_B	1	2	174.475869
3	d1ut7a_A	0	1	-7.904425
3	d1uufa1A	0	2	-109.048951
3	d1vcta1A	0	1	-160.890037
3	d1vcta1A	0	2	16.371229
3	d1vcta1A	1	2	-166.872739
3	d1w0ua_A	0	1	132.998209
3	d1w0ua_A	0	2	-93.949364
3	d1wb8a1A	1	2	-148.001596
3	d1wd3a1A	0	2	159.739709
3	d1wrda1A	0	1	-147.238500
3	d1wrda1A	1	2	-152.903179
3	d1xeqa1A	0	1	-146.120812
3	d1xeqa1A	0	2	-87.672099
3	d1xvha2A	0	1	176.426462
3	d1xvha2A	0	2	9.415660
3	d1y02a1A	0	2	132.409691
3	d1y02a1A	1	2	36.426766
3	d1ybza1A	0	2	-39.528873
3	d1ybza1A	1	2	146.800208
3	d1ys7a1A	0	1	122.485496
3	d1ys7a1A	0	2	-84.767901
3	d1yz1a_A	1	2	171.700264
3	d1z96a1A	0	1	126.164228
3	d1zkea1A	0	2	-160.222296
3	d1zkea1A	1	2	-100.160662
3	d1zyba1A	0	2	-78.917461
3	d2cclb1B	0	2	-169.580864
3	d2ciwa1A	0	1	89.869716
3	d2cjja1A	1	2	106.739611
3	d2cyya1A	0	2	-84.267841
3	d2d8da1A	1	2	149.091723
3	d2db7a1A	1	2	-178.641070
3	d2dfka2A	0	2	-47.568038
3	d2e2aa_A	0	1	-157.472810
3	d2e2aa_A	0	2	16.045690
3	d2e2aa_A	1	2	-148.526112
3	d2elca1A	0	2	43.550937
3	d2erla_A	0	2	-24.083046
3	d2erla_A	1	2	159.635169
3	d2et1a_A	1	2	111.602333
3	d2fcwa1A	1	2	-158.453684
3	d2fd5a1A	0	1	117.169111
3	d2fd5a1A	0	2	-81.739386
3	d2fnja1A	0	2	101.548788
3	d2fzta1A	0	1	-155.506364
3	d2goma1A	0	1	-152.816778
3	d2goma1A	0	2	21.647980
3	d2goma1A	1	2	-160.455139
3	d2gsva1A	0	1	129.328939
3	d2gsva1A	0	2	-52.143117
3	d2gsva1A	1	2	176.779839
3	d2hdza_A	0	1	135.059659
3	d2heoa_A	0	2	-77.861205
3	d2heoa_A	1	2	112.851559
3	d2hosa_A	0	1	162.647836
3	d2hosa_A	0	2	-63.362212
3	d2huec_C	1	2	119.351782
3	d2idob_B	0	2	-42.526267
3	d2ii1a_A	0	1	123.120510
3	d2isya1A	0	1	118.024097
3	d2isya1A	0	2	-94.800095
3	d2iu5a1A	0	1	107.672360
3	d2iu5a1A	0	2	-103.241654
3	d2j5ya_A	0	1	160.476514
3	d2j5ya_A	0	2	-4.420425
3	d2j5ya_A	1	2	159.199448
3	d2jhfa1A	0	2	-99.192650
3	d2ns0a1A	0	1	109.884268
3	d2ns0a1A	0	2	-72.077932
3	d2oo2a1A	0	2	35.200123
3	d2oo2a1A	1	2	-160.339554
3	d2ovga_A	0	1	127.279246
3	d2ovga_A	1	2	97.676218
3	d2p5ka1A	0	2	-79.508717
3	d2pmra1A	0	2	25.530455
3	d2pmra1A	1	2	-159.225592
3	d2v6xa_A	0	1	-159.128886
3	d2v6xa_A	1	2	-150.316285
3	d2v9va1A	0	1	130.010121
3	d2v9va1A	0	2	-65.470520
3	d2v9va1A	1	2	112.032737
3	d2v9va2A	0	2	-72.139478
3	d2ve8a_A	0	1	115.591578
3	d2ve8a_A	0	2	-75.641289
3	d2ve8a_A	1	2	117.576836
3	d2vqca1A	0	1	111.991548
3	d2vqca1A	0	2	-68.804373
3	d2vqca1A	1	2	118.406560
3	d2zkoa_A	0	1	-143.405520
3	d2zkoa_A	0	2	-93.977763
3	d3a02a_A	0	1	160.402101
3	d3a02a_A	0	2	-58.898220
3	d3a02a_A	1	2	115.893548
3	d3ag3h_H	0	1	-145.362080
3	d3ag3h_H	0	2	-40.054375
3	d3b0fa_A	0	1	128.285577
3	d3bvua1A	0	1	-149.049683
3	d3bvua1A	0	2	26.698621
3	d3bvua1A	1	2	-147.567470
3	d3bwga1A	0	2	-65.332513
3	d3cdda2A	1	2	-173.166818
3	d3e46a1A	0	1	129.591840
3	d3e46a1A	1	2	129.743729
3	d3im3a_A	1	2	141.585722
3	d3k1sa_A	0	1	-159.881637
3	d3k1sa_A	0	2	15.824303
3	d3k1sa_A	1	2	-151.330839
3	d3k2aa_A	0	1	152.819780
3	d3l2ca_A	1	2	125.394842
3	d3ldqb_B	0	2	15.120224
3	d3mh9a_A	0	1	-159.264664
3	d3qwoc_C	0	1	166.820740
3	d3qwoc_C	0	2	-5.467097
3	d3qwoc_C	1	2	172.260890
3	d4dfaa_A	0	1	141.696567
3	d4dfaa_A	1	2	-23.662212
4	d1af7a1A	0	2	22.632591
4	d1af7a1A	0	3	-102.263164
4	d1af7a1A	1	3	148.815697
4	d1bbha_A	0	1	-153.598512
4	d1bbha_A	1	2	-153.729344
4	d1bbha_A	0	3	-143.590681
4	d1bbha_A	2	3	-162.594900
4	d1beaa_A	0	1	-144.086702
4	d1beaa_A	0	3	115.896709
4	d1beaa_A	2	3	166.937977
4	d1bm9a_A	0	2	-58.907804
4	d1bm9a_A	1	2	114.216404
4	d1bm9a_A	0	3	-131.680066
4	d1c75a_A	0	3	-99.627811
4	d1c75a_A	2	3	135.230210
4	d1dj8a_A	1	3	-84.599553
4	d1dj8a_A	2	3	126.155817
4	d1dlja1A	0	2	-113.067509
4	d1dlja1A	0	3	40.431226
4	d1dlja1A	2	3	-144.198100
4	d1dv1a1A	0	1	-153.516279
4	d1dv1a1A	1	2	-61.670732
4	d1e3oc2C	1	3	79.465638
4	d1etxa_A	1	2	125.501342
4	d1etxa_A	1	3	-110.091192
4	d1fpoa1A	1	2	-173.407175
4	d1fs1b1B	1	2	-146.005925
4	d1fsea_A	0	1	130.662656
4	d1fsea_A	0	2	-100.605937
4	d1fsea_A	2	3	57.039884
4	d1h2ba1A	0	3	-100.285439
4	d1h32a2A	0	3	-91.144800
4	d1h32a2A	2	3	103.682883
4	d1h7ca_A	2	3	-140.621487
4	d1hbka_A	1	2	-55.629925
4	d1hbka_A	0	3	44.270070
4	d1hbka_A	1	3	-148.933476
4	d1hw1a1A	0	2	-55.369689
4	d1hw1a1A	1	2	105.678824
4	d1hyoa1A	0	1	-113.500641
4	d1i27a_A	0	3	-67.850247
4	d1i27a_A	1	3	125.167223
4	d1i2ta_A	0	1	142.364623
4	d1i2ta_A	0	2	46.235944
4	d1i2ta_A	1	3	106.042608
4	d1i77a_A	2	3	-175.138678
4	d1j8mf1F	0	1	175.350863
4	d1j8mf1F	1	2	156.687576
4	d1j8mf1F	0	3	162.103617
4	d1j8mf1F	1	3	-21.050063
4	d1j8mf1F	2	3	143.819318
4	d1ji7a_A	0	3	111.200074
4	d1jqba1A	0	3	-81.828217
4	d1k04a_A	1	2	-174.463827
4	d1k04a_A	1	3	14.603228
4	d1k04a_A	2	3	-167.407599
4	d1k3xa1A	0	3	124.443556
4	d1k3xa1A	2	3	137.777073
4	d1k3xa2A	2	3	78.341427
4	d1k8ua_A	1	2	-146.514018
4	d1k8ua_A	0	3	116.984103
4	d1k8ua_A	1	3	-41.601526
4	d1k8ua_A	2	3	-158.206382
4	d1khda1A	0	1	-120.326837
4	d1khda1A	0	2	36.201398
4	d1khda1A	1	3	-40.032288
4	d1l3la1A	0	1	122.887783
4	d1l3la1A	0	2	-97.898170
4	d1l3la1A	2	3	68.928575
4	d1l8ra_A	1	3	107.515758
4	d1l9la_A	0	2	-67.760930
4	d1l9la_A	1	2	-168.369768
4	d1l9la_A	0	3	132.586192
4	d1llaa1A	0	2	15.266739
4	d1llaa1A	0	3	-160.876194
4	d1llaa1A	1	3	-46.863141
4	d1ls1a1A	0	1	173.700912
4	d1ls1a1A	1	2	150.111929
4	d1ls1a1A	2	3	137.692455
4	d1m70a1A	0	3	-99.421492
4	d1m70a1A	2	3	136.843652
4	d1mc2a_A	0	3	-30.133057
4	d1mc2a_A	2	3	174.590988
4	d1mgta1A	0	2	-86.757926
4	d1mqva_A	0	1	-153.542360
4	d1mqva_A	1	2	-159.865410
4	d1mqva_A	2	3	-170.266856
4	d1my6a1A	1	3	-143.513644
4	d1my6a1A	2	3	-137.377695
4	d1n1ja_A	1	2	113.392895
4	d1n62a1A	0	1	123.487914
4	d1n62a1A	0	3	138.044484
4	d1n62a1A	1	3	-44.554330
4	d1n62a1A	2	3	111.424647
4	d1ntva_A	0	2	-108.175238
4	d1ofcx3X	1	2	-92.416806
4	d1ofcx3X	1	3	-127.817797
4	d1on2a2A	0	2	49.473115
4	d1or7a1A	0	3	130.262848
4	d1or7a1A	1	3	-95.201533
4	d1or7c_C	0	2	-44.359085
4	d1oxja1A	2	3	145.610799
4	d1pbya1A	0	2	-110.044824
4	d1pbya1A	1	2	139.898718
4	d1pufb_B	0	1	153.257472
4	d1pufb_B	0	2	-59.867997
4	d1q08a_A	0	1	141.994265
4	d1q0qa1A	0	2	20.759428
4	d1q0qa1A	1	2	145.545895
4	d1q0qa1A	1	3	-40.989014
4	d1q0qa1A	2	3	126.693907
4	d1qx2a_A	1	2	109.460520
4	d1qx2a_A	0	3	121.805014
4	d1qx2a_A	2	3	109.876102
4	d1r2za1A	1	2	132.502401
4	d1r2za1A	2	3	131.232116
4	d1r5la1A	0	2	-39.395409
4	d1r5la1A	1	2	108.257369
4	d1r7ja_A	0	1	145.874639
4	d1r7ja_A	1	2	104.310121
4	d1r89a1A	0	1	124.359645
4	d1r89a1A	2	3	-112.126985
4	d1rfya_A	1	3	-154.901105
4	d1rkta1A	0	1	114.927257
4	d1sbxa_A	1	3	121.869028
4	d1t56a1A	0	1	120.260614
4	d1t56a1A	1	2	94.205178
4	d1t6sa1A	0	2	-82.954154
4	d1t6sa2A	0	1	115.133303
4	d1t6sa2A	0	2	-79.120338
4	d1t8ka_A	0	1	143.598743
4	d1t8ka_A	0	3	131.682851
4	d1tdza1A	2	3	133.968909
4	d1tqga_A	0	1	-161.924583
4	d1tqga_A	1	2	-156.747012
4	d1tqga_A	0	3	-159.663513
4	d1tqga_A	2	3	-157.577710
4	d1tzyb_B	1	2	116.798042
4	d1tzyb_B	2	3	162.119580
4	d1tzyc_C	2	3	107.763556
4	d1u84a_A	0	1	129.152295
4	d1u84a_A	1	2	156.180576
4	d1u84a_A	0	3	160.306636
4	d1u84a_A	2	3	125.082382
4	d1utga_A	1	2	150.817066
4	d1utga_A	0	3	162.130759
4	d1v74b_B	0	1	-175.667511
4	d1v74b_B	0	2	44.692289
4	d1v74b_B	1	2	-138.981750
4	d1v74b_B	0	3	-134.421375
4	d1v74b_B	2	3	168.736557
4	d1v7wa2A	0	1	-76.901885
4	d1v97a1A	0	1	134.374537
4	d1vi0a1A	1	2	100.575563
4	d1vkua_A	0	1	119.088983
4	d1vkua_A	0	3	116.429148
4	d1vl7a_A	2	3	152.041392
4	d1vmga_A	1	2	-161.575382
4	d1w53a_A	0	1	-165.766068
4	d1w53a_A	0	2	-55.696453
4	d1w53a_A	2	3	163.389097
4	d1w96a1A	0	1	-155.048003
4	d1wvec_C	0	3	-92.127788
4	d1wvec_C	2	3	128.518585
4	d1xe7a_A	2	3	143.116886
4	d1xk4c1C	0	1	129.276474
4	d1xk4c1C	1	2	115.773881
4	d1xmka1A	0	1	113.046661
4	d1xmka1A	0	2	-71.471577
4	d1xmka1A	1	2	131.266669
4	d1y0ua_A	1	2	150.724614
4	d1y0ua_A	1	3	-84.495403
4	d1y88a1A	1	3	-133.347832
4	d1y88a1A	2	3	133.095238
4	d1yo5c1C	0	2	119.605754
4	d1yt3a1A	0	1	143.317605
4	d1yt3a1A	0	3	132.026766
4	d1yt3a1A	2	3	121.499533
4	d1yt3a2A	0	3	123.564031
4	d1yt3a2A	2	3	-53.957696
4	d1z05a1A	0	1	119.417177
4	d1z05a1A	0	2	-77.997300
4	d1z05a1A	1	2	119.224199
4	d1zk8a1A	0	1	110.064747
4	d1zk8a1A	0	3	-81.273441
4	d1zkra2A	0	2	-50.325288
4	d1zkra2A	0	3	161.813609
4	d1zlja_A	0	2	-95.131853
4	d1zlja_A	1	2	110.106774
4	d1zlja_A	0	3	-105.595544
4	d2a6ca1A	1	2	107.530966
4	d2a6ca1A	0	3	31.006903
4	d2auwa1A	0	2	-120.998392
4	d2auwa1A	1	2	105.205802
4	d2auwa1A	0	3	17.878431
4	d2bcqa1A	0	1	-158.337521
4	d2bcqa1A	0	3	121.875207
4	d2bcqa1A	1	3	-59.736482
4	d2bcqa1A	2	3	135.459534
4	d2bcqa2A	0	1	127.845702
4	d2bl8a1A	0	1	-154.539535
4	d2bl8a1A	0	3	-161.501915
4	d2bl8a1A	2	3	-151.202585
4	d2bnma1A	1	2	109.994295
4	d2cb8a_A	1	2	-59.009235
4	d2cb8a_A	0	3	40.692833
4	d2cb8a_A	1	3	-148.901062
4	d2ce0a_A	0	3	-97.294014
4	d2ce0a_A	2	3	131.655597
4	d2ckxa1A	0	1	131.126541
4	d2ckxa1A	0	2	-92.068589
4	d2ckxa1A	1	2	93.366899
4	d2ckxa1A	0	3	25.026971
4	d2ckxa1A	2	3	-103.479203
4	d2d48a_A	0	2	-154.311746
4	d2d48a_A	0	3	-147.988995
4	d2doba_A	0	1	141.407131
4	d2doba_A	0	2	-47.767063
4	d2doba_A	1	2	161.146338
4	d2doba_A	0	3	126.885395
4	d2dt5a1A	0	1	105.205787
4	d2dt5a1A	1	2	109.732859
4	d2dt5a1A	0	3	-141.456506
4	d2efva1A	0	2	61.041864
4	d2efva1A	0	3	104.988198
4	d2efva1A	1	3	109.115688
4	d2egdb_B	1	2	113.078172
4	d2egdb_B	0	3	135.752684
4	d2enda_A	0	2	-132.832274
4	d2f4mb_B	1	2	-126.230442
4	d2f4mb_B	0	3	-83.729257
4	d2fbqa1A	0	1	125.564321
4	d2fbqa1A	0	2	-93.054802
4	d2ff4a1A	0	1	128.409753
4	d2ff4a1A	0	2	-73.265898
4	d2ff4a1A	1	2	96.447230
4	d2fnaa1A	0	1	130.226934
4	d2fnaa1A	0	2	-73.889235
4	d2fnaa1A	1	2	114.918873
4	d2fq3a1A	1	3	-58.164951
4	d2fq4a1A	0	1	122.611987
4	d2fq4a1A	1	2	107.752720
4	d2fq4a1A	0	3	-97.321354
4	d2g3ba1A	0	1	121.184799
4	d2g3ba1A	1	2	103.873874
4	d2g3ba1A	0	3	-89.092996
4	d2g7ga1A	1	2	92.094393
4	d2g7ga1A	0	3	-84.052563
4	d2g7sa1A	0	1	120.403524
4	d2g7sa1A	1	2	105.286998
4	d2g7sa1A	0	3	-84.562995
4	d2gaua1A	0	2	-79.533162
4	d2gaua1A	1	2	95.437716
4	d2gaua1A	0	3	-126.977013
4	d2gena1A	0	1	122.913779
4	d2gfna1A	0	1	109.527294
4	d2gfna1A	0	2	-103.226261
4	d2gfna1A	1	2	122.506908
4	d2gyka1A	0	1	-143.913371
4	d2gyka1A	0	3	130.725941
4	d2gyka1A	1	3	-29.575877
4	d2hkja1A	1	2	126.955069
4	d2hkja1A	0	3	115.552514
4	d2hkja1A	2	3	123.321706
4	d2hkua1A	0	1	127.012005
4	d2hkua1A	0	2	-92.539626
4	d2hkua1A	0	3	-77.181986
4	d2htsa_A	1	2	-29.238405
4	d2huja1A	0	1	-142.250768
4	d2huja1A	0	2	35.442773
4	d2huja1A	1	2	168.750841
4	d2huja1A	0	3	-156.788769
4	d2huja1A	2	3	-130.776270
4	d2hyja1A	0	1	109.755030
4	d2hyja1A	0	3	-88.036930
4	d2i10a2A	0	2	-19.481917
4	d2i10a2A	1	2	126.987292
4	d2i10a2A	0	3	160.919665
4	d2i10a2A	2	3	176.523852
4	d2i1qa1A	1	3	-122.924270
4	d2i1qa1A	2	3	123.331149
4	d2i53a2A	0	1	167.191504
4	d2i53a2A	0	2	-55.429890
4	d2i53a2A	1	2	125.199428
4	d2i53a2A	2	3	-75.740874
4	d2i5ua1A	1	3	6.997675
4	d2i5ua1A	2	3	132.563778
4	d2ib0a1A	0	1	-156.124163
4	d2ib0a1A	0	2	-167.634591
4	d2ib0a1A	1	3	-163.512778
4	d2ib0a1A	2	3	-159.789618
4	d2ic7a_A	1	2	-168.874634
4	d2id3a1A	0	1	120.164408
4	d2id3a1A	0	2	-82.431623
4	d2id3a1A	1	2	122.964805
4	d2id3a1A	0	3	-104.138031
4	d2id6a1A	0	1	118.915806
4	d2im8a_A	0	1	-142.750965
4	d2im8a_A	0	2	38.547161
4	d2im8a_A	1	2	161.933325
4	d2im8a_A	0	3	-162.226459
4	d2im8a_A	2	3	-130.973899
4	d2isya2A	0	2	50.227345
4	d2j9ua_A	0	1	-159.962475
4	d2j9ua_A	1	2	-145.871194
4	d2j9ua_A	0	3	-159.822449
4	d2j9ua_A	2	3	-144.104806
4	d2j9wa_A	0	1	-160.184276
4	d2j9wa_A	1	2	-145.623196
4	d2j9wa_A	0	3	-155.019344
4	d2j9wa_A	2	3	-155.092505
4	d2jf2a_A	0	1	155.540796
4	d2jf2a_A	1	2	164.232608
4	d2jf2a_A	2	3	-140.963727
4	d2mhra_A	0	1	-160.738699
4	d2mhra_A	1	2	-165.658064
4	d2mhra_A	0	3	-165.603958
4	d2np5a1A	0	1	108.896051
4	d2np5a1A	0	3	-88.991452
4	d2o38a1A	1	2	109.324667
4	d2o38a1A	0	3	16.986892
4	d2o6ka1A	0	1	-120.776336
4	d2o7ta1A	0	1	116.422475
4	d2o7ta1A	0	2	-97.439690
4	d2o7ta1A	0	3	-89.193893
4	d2obpa1A	0	1	119.283813
4	d2obpa1A	0	2	-76.755413
4	d2obpa1A	1	2	106.264360
4	d2od5a1A	0	1	117.372230
4	d2oh3a1A	0	1	-157.829858
4	d2oh3a1A	0	2	-172.781915
4	d2oh3a1A	1	3	177.724090
4	d2oh3a1A	2	3	-156.745431
4	d2oufa1A	0	3	26.782056
4	d2oy9a1A	0	1	-145.759979
4	d2oy9a1A	1	2	121.795637
4	d2oy9a1A	1	3	-122.290280
4	d2p06a1A	0	3	-92.714266
4	d2p06a1A	2	3	-160.145100
4	d2p8ta1A	0	3	-103.160837
4	d2q5za_A	0	2	-76.777638
4	d2q5za_A	1	2	-160.649664
4	d2qsba1A	0	1	-147.472171
4	d2qsba1A	1	2	-172.712394
4	d2qsba1A	0	3	-157.266877
4	d2qsba1A	2	3	-156.098943
4	d2qzga1A	0	1	-164.406298
4	d2qzga1A	1	2	171.660105
4	d2qzga1A	0	3	-166.553628
4	d2rh3a1A	1	3	90.086704
4	d2rh3a1A	2	3	92.844596
4	d2rlda1A	0	1	-156.925755
4	d2rlda1A	0	2	36.898269
4	d2rlda1A	1	2	-159.619061
4	d2rlda1A	0	3	-149.233384
4	d2rlda1A	2	3	-165.235875
4	d2vkva1A	0	1	112.884469
4	d2vkva1A	1	2	106.145607
4	d2vkva1A	0	3	-89.493210
4	d2wkxa1A	1	2	60.407542
4	d2wkxa1A	0	3	126.513465
4	d2wkxa1A	1	3	27.602330
4	d2wkxa1A	2	3	68.088005
4	d2z3qa1A	0	2	-161.529753
4	d2z3qa1A	1	2	-160.537418
4	d2z3qa1A	0	3	-166.154810
4	d2z3qa1A	1	3	-137.520829
4	d2zcwa1A	0	2	-80.319880
4	d2zcwa1A	1	2	104.494653
4	d2zcwa1A	0	3	-125.664094
4	d2zoya1A	0	1	110.628431
4	d2zoya1A	1	2	105.360448
4	d2zoya1A	0	3	-99.664290
4	d3arcu_U	1	2	-77.512881
4	d3bqpa_A	0	1	127.371501
4	d3bqpa_A	0	2	-56.924648
4	d3bqpa_A	0	3	136.016513
4	d3cu4a_A	0	3	-91.448749
4	d3cu4a_A	2	3	119.560905
4	d3d10a_A	1	2	101.390147
4	d3d10a_A	0	3	126.841843
4	d3dbya1A	0	1	-154.085903
4	d3dbya1A	1	2	-159.737273
4	d3dbya1A	0	3	-156.380658
4	d3dbya1A	2	3	-155.286969
4	d3dbya2A	0	1	-156.934116
4	d3dbya2A	0	2	31.648287
4	d3dbya2A	1	2	-154.591204
4	d3dbya2A	0	3	-161.228864
4	d3dbya2A	2	3	-160.031970
4	d3e5ua1A	0	2	-58.066089
4	d3e5ua1A	0	3	-140.302309
4	d3f8ba_A	0	2	-70.837030
4	d3fapb_B	0	1	-161.787594
4	d3fapb_B	0	2	27.327884
4	d3fapb_B	1	2	-134.708663
4	d3fapb_B	0	3	-141.360931
4	d3fapb_B	2	3	167.222927
4	d3feaa_A	0	1	63.257343
4	d3feaa_A	0	2	-148.585157
4	d3l5xa_A	0	2	-158.253153
4	d3l5xa_A	1	2	-144.460100
4	d3l5xa_A	0	3	-144.411424
4	d3qu3a_A	1	3	79.452283
4	d451ca_A	0	3	-105.637569
4	d451ca_A	1	3	-83.946403
4	d451ca_A	2	3	122.991790
5	d1a8oa_A	1	2	-34.004966
5	d1alua_A	0	2	-152.421896
5	d1alua_A	1	2	-160.191458
5	d1alua_A	1	3	-47.002106
5	d1alua_A	0	4	-153.633403
5	d1alua_A	1	4	-149.331156
5	d1b0na2A	0	2	-116.175574
5	d1b0na2A	1	2	122.356947
5	d1b0na2A	1	3	106.409706
5	d1b4fa_A	3	4	130.750717
5	d1b9ma1A	0	1	133.967896
5	d1b9ma1A	0	2	-104.373089
5	d1b9ma1A	1	2	103.702087
5	d1bkra_A	1	2	36.163310
5	d1bkra_A	0	4	64.221776
5	d1bkra_A	1	4	-5.709336
5	d1bkra_A	2	4	39.372215
5	d1ci4a_A	0	4	-23.662632
5	d1ci4a_A	2	4	-85.493586
5	d1cpqa_A	0	1	-162.179552
5	d1cpqa_A	0	4	-143.424594
5	d1cpqa_A	3	4	-162.333628
5	d1ctja_A	0	4	-95.582864
5	d1ctja_A	3	4	128.643352
5	d1cuka2A	0	1	133.973500
5	d1cuka2A	3	4	128.755894
5	d1dkza1A	1	3	27.901897
5	d1dkza1A	2	3	-168.129647
5	d1duga1A	0	1	-156.452459
5	d1duga1A	0	2	23.036125
5	d1duga1A	2	3	-112.323325
5	d1duga1A	3	4	-78.975906
5	d1dw0a_A	0	4	-153.396365
5	d1dw0a_A	1	4	-95.526922
5	d1dwka1A	1	2	97.438472
5	d1dwka1A	3	4	141.785320
5	d1e29a_A	0	1	-64.739262
5	d1e29a_A	0	4	-88.115968
5	d1e29a_A	3	4	124.630061
5	d1e6ba1A	0	1	175.860101
5	d1e6ba1A	0	2	31.072667
5	d1e6ba1A	1	2	-146.222045
5	d1e6ba1A	1	3	87.385345
5	d1e6ba1A	2	3	-100.217712
5	d1e6ia_A	0	4	148.197820
5	d1e6ia_A	3	4	-162.345845
5	d1ecwa_A	1	3	-119.955981
5	d1ecwa_A	2	3	-150.904241
5	d1ecwa_A	3	4	72.650587
5	d1eg3a2A	1	2	137.362064
5	d1eg3a2A	0	3	132.825402
5	d1f0ya1A	0	1	136.149804
5	d1f0ya1A	0	2	-123.337539
5	d1f44a1A	1	2	100.372771
5	d1f44a1A	1	3	-93.444492
5	d1f44a1A	2	3	155.672064
5	d1f44a1A	2	4	-15.144409
5	d1fk5a_A	0	3	-62.032701
5	d1fnna1A	1	2	115.330486
5	d1fnna1A	1	3	-77.779105
5	d1fnna1A	2	3	106.113827
5	d1fnna1A	0	4	-38.082247
5	d1fnna1A	1	4	-147.413467
5	d1fp1d1D	1	4	-126.056300
5	d1fp1d1D	3	4	116.732618
5	d1g4ia_A	0	4	-37.108676
5	d1g4ia_A	2	4	175.272371
5	d1g8qa_A	0	1	-127.071977
5	d1g8qa_A	0	4	146.696179
5	d1gs9a_A	0	2	-158.968062
5	d1gs9a_A	2	3	174.995811
5	d1gs9a_A	0	4	-163.779935
5	d1gs9a_A	3	4	-166.956763
5	d1gu2a_A	0	4	-147.788240
5	d1gu2a_A	1	4	-97.889573
5	d1h32b_B	0	4	-98.394666
5	d1h32b_B	2	4	135.846155
5	d1h99a1A	0	1	126.646602
5	d1h99a1A	0	3	147.305398
5	d1h99a1A	1	4	167.439435
5	d1h99a1A	2	4	49.711349
5	d1h99a1A	3	4	122.915089
5	d1h99a2A	0	1	129.295257
5	d1h99a2A	0	3	139.842905
5	d1h99a2A	1	4	-153.597754
5	d1h99a2A	2	4	28.211084
5	d1h99a2A	3	4	130.718053
5	d1hfua3A	0	2	-101.345429
5	d1hq1a_A	0	1	-153.003580
5	d1hq1a_A	0	4	96.264664
5	d1hxia_A	0	1	-154.992905
5	d1hxia_A	1	2	-152.863850
5	d1hxia_A	2	3	-160.611825
5	d1i36a1A	0	2	-99.833946
5	d1i36a1A	0	3	-127.528249
5	d1i36a1A	0	4	59.300778
5	d1i36a1A	3	4	-162.372152
5	d1i5na_A	0	1	-153.107468
5	d1i5na_A	1	2	-154.703450
5	d1i5na_A	0	3	-162.160725
5	d1i5na_A	2	3	-153.829366
5	d1i5na_A	2	4	21.636231
5	d1i5na_A	3	4	-150.297020
5	d1i8oa_A	1	3	39.978285
5	d1i8oa_A	0	4	-93.404960
5	d1i8oa_A	2	4	131.601167
5	d1in4a1A	0	1	115.676319
5	d1iqca2A	0	1	-86.119032
5	d1iqca2A	1	4	-102.148351
5	d1iqca2A	3	4	112.616624
5	d1ix9a1A	1	4	-146.778449
5	d1j30a_A	0	1	-157.804634
5	d1j30a_A	2	4	-151.483981
5	d1jiga_A	0	1	-158.097672
5	d1jiga_A	0	3	-166.346709
5	d1jiga_A	1	3	21.379906
5	d1jiga_A	0	4	29.836176
5	d1jiga_A	1	4	-169.619048
5	d1jiga_A	3	4	-155.589546
5	d1jr8a_A	1	2	-144.221984
5	d1jr8a_A	2	3	127.619338
5	d1k9ua_A	3	4	-105.096200
5	d1kb0a1A	0	4	-101.652642
5	d1kl9a1A	1	2	-37.396870
5	d1kl9a1A	2	3	110.817323
5	d1kv9a1A	2	3	64.579369
5	d1kv9a1A	0	4	-99.426698
5	d1kv9a1A	3	4	121.895745
5	d1kw4a_A	0	1	160.954444
5	d1kw4a_A	3	4	145.760279
5	d1l3pa_A	1	2	146.815170
5	d1l3pa_A	1	4	-155.873727
5	d1l3pa_A	3	4	147.242610
5	d1lkia_A	0	3	-155.313573
5	d1lkia_A	2	3	-154.336904
5	d1lkia_A	0	4	-147.452513
5	d1lkia_A	2	4	-148.747906
5	d1lkoa1A	0	1	-160.245159
5	d1lkoa1A	0	2	-161.542434
5	d1lkoa1A	1	4	-165.966267
5	d1lkoa1A	2	4	-152.262919
5	d1lwba_A	1	2	86.235218
5	d1lwba_A	2	3	171.923744
5	d1m70a2A	0	4	-97.047962
5	d1m70a2A	2	4	142.054092
5	d1mixa1A	2	3	-53.601882
5	d1mixa1A	0	4	138.622341
5	d1mixa1A	1	4	50.153635
5	d1mixa1A	2	4	-161.901886
5	d1mjsa_A	2	4	-20.047543
5	d1mzba_A	1	3	-75.501879
5	d1mzba_A	2	3	122.413562
5	d1nf4a_A	0	1	-163.342981
5	d1nf4a_A	0	2	-167.616477
5	d1nf4a_A	1	2	21.264735
5	d1nf4a_A	1	3	-164.838697
5	d1nf4a_A	2	3	-159.865377
5	d1noga_A	0	1	-167.317666
5	d1noga_A	0	3	-165.089557
5	d1noga_A	2	4	27.092034
5	d1noga_A	3	4	-168.409934
5	d1o3ua_A	0	1	-167.937059
5	d1o3ua_A	1	2	26.178203
5	d1o3ua_A	2	3	-150.836003
5	d1o3ua_A	0	4	-161.746591
5	d1o3ua_A	1	4	11.177236
5	d1o3ua_A	3	4	-132.398010
5	d1oqca_A	1	2	-137.951749
5	d1oqca_A	0	3	-159.765836
5	d1oqca_A	2	3	124.151753
5	d1or7a2A	0	1	-127.343364
5	d1or7a2A	1	2	137.638127
5	d1or7a2A	2	3	128.592720
5	d1oxja2A	0	1	-164.610117
5	d1oxja2A	0	2	24.019525
5	d1oxja2A	1	3	33.424217
5	d1oxja2A	2	3	-144.676529
5	d1oxja2A	3	4	-156.276944
5	d1oywa1A	1	2	-81.586456
5	d1oywa1A	1	3	125.680438
5	d1pbya2A	2	4	134.627025
5	d1pbya2A	3	4	-28.873956
5	d1pk3a1A	0	1	154.790942
5	d1pk3a1A	3	4	141.098234
5	d1px5a1A	0	1	141.030548
5	d1px5a1A	0	2	-52.952815
5	d1px5a1A	1	2	115.387139
5	d1px5a1A	0	4	104.532429
5	d1px5a1A	2	4	-141.652733
5	d1q8da_A	0	1	-116.667307
5	d1q8da_A	1	2	-154.608893
5	d1q8da_A	0	3	72.161662
5	d1q8da_A	2	4	-97.319509
5	d1ql3a_A	0	4	-97.047968
5	d1ql3a_A	2	4	128.606592
5	d1r1ta_A	2	3	113.511715
5	d1r1ua_A	1	2	118.193027
5	d1r1ua_A	1	3	-81.764848
5	d1r1ua_A	2	3	114.822246
5	d1r69a_A	0	4	118.167882
5	d1rx0a1A	0	1	-153.696444
5	d1rx0a1A	0	2	31.162163
5	d1rx0a1A	1	2	-157.099417
5	d1rx0a1A	2	3	-145.894686
5	d1rz4a1A	0	2	-61.011586
5	d1s7za_A	0	1	140.248769
5	d1s7za_A	1	3	135.660214
5	d1s7za_A	2	3	54.244760
5	d1s7za_A	0	4	-45.104241
5	d1sfxa_A	1	2	114.528701
5	d1sfxa_A	2	3	115.202023
5	d1sh5a1A	0	1	63.832206
5	d1sh5a1A	1	2	23.565641
5	d1sh5a1A	2	3	120.725937
5	d1sh5a1A	0	4	53.487173
5	d1siqa1A	0	1	-150.016517
5	d1siqa1A	0	2	29.314578
5	d1siqa1A	1	2	-157.426116
5	d1siqa1A	0	3	-153.661584
5	d1siqa1A	2	3	-146.408427
5	d1t0fa1A	0	4	-111.687957
5	d1t0fa1A	3	4	128.420093
5	d1t56a2A	0	2	166.872339
5	d1t56a2A	0	3	-43.683353
5	d1t56a2A	2	3	128.735275
5	d1t56a2A	0	4	141.369925
5	d1t56a2A	3	4	171.978553
5	d1t6ua_A	0	1	-160.583559
5	d1t6ua_A	1	3	-168.429084
5	d1t6ua_A	3	4	-151.575946
5	d1t9ma_A	3	4	126.208692
5	d1tjoa_A	0	1	-160.897031
5	d1tjoa_A	0	2	-105.231101
5	d1tjoa_A	0	3	-166.220711
5	d1tjoa_A	1	3	26.455582
5	d1tjoa_A	1	4	-165.336476
5	d1tjoa_A	3	4	-157.895093
5	d1tzya_A	2	3	105.102497
5	d1u9la_A	0	1	131.658551
5	d1u9la_A	2	4	-134.941996
5	d1ucra_A	0	3	-74.267847
5	d1ucra_A	2	3	114.519769
5	d1ufaa1A	0	1	-155.621066
5	d1ufaa1A	0	3	24.210164
5	d1ufaa1A	1	3	-158.013393
5	d1ufaa1A	3	4	-141.704133
5	d1uuja_A	0	1	-157.000986
5	d1uuja_A	0	2	-86.689456
5	d1uz3a1A	0	1	-177.717203
5	d1uz3a1A	0	2	-47.966128
5	d1uz3a1A	2	4	-146.622600
5	d1v2za_A	1	2	-161.014433
5	d1v2za_A	1	3	-57.100988
5	d1v2za_A	2	4	-54.587907
5	d1vi0a2A	0	2	148.332070
5	d1vi0a2A	0	3	-30.716773
5	d1vi0a2A	2	3	121.281952
5	d1vi0a2A	0	4	140.359878
5	d1vk5a_A	1	2	144.687795
5	d1vk5a_A	1	3	-75.095859
5	d1vk5a_A	2	3	139.512936
5	d1vk5a_A	0	4	127.540320
5	d1vlba1A	1	2	119.217821
5	d1vlba1A	0	3	138.854598
5	d1vlba1A	1	3	-42.209892
5	d1vlba1A	2	3	117.394350
5	d1vlga_A	0	1	-166.027375
5	d1vlga_A	0	2	-173.325487
5	d1vlga_A	1	2	11.899300
5	d1vlga_A	1	3	-171.899048
5	d1vlga_A	2	3	-161.740407
5	d1vmaa1A	1	2	-168.819113
5	d1vmaa1A	2	3	155.305709
5	d1vmaa1A	3	4	129.091183
5	d1vp6a_A	0	1	124.421071
5	d1vp6a_A	1	3	-174.639472
5	d1vp6a_A	3	4	-116.454647
5	d1w07a1A	0	1	-162.811730
5	d1w07a1A	0	2	23.084138
5	d1w07a1A	1	2	-154.273043
5	d1w07a1A	0	3	-164.376459
5	d1w07a1A	2	3	-158.258307
5	d1wlza1A	1	2	155.378573
5	d1wlza1A	2	3	116.074667
5	d1wlza1A	0	4	-98.335721
5	d1wlza1A	1	4	169.921658
5	d1wola_A	0	1	-167.545157
5	d1wola_A	0	4	-161.580203
5	d1wola_A	1	4	12.408949
5	d1wola_A	3	4	-133.003281
5	d1x2ia1A	0	1	108.519210
5	d1x2ia1A	1	2	101.559125
5	d1x91a_A	1	2	-156.821360
5	d1x91a_A	2	3	-173.067534
5	d1x91a_A	0	4	-80.745531
5	d1x91a_A	1	4	-157.217322
5	d1x91a_A	3	4	-156.111699
5	d1xhna1A	0	4	-67.265420
5	d1xk4a1A	1	3	114.364776
5	d1xk4a1A	0	4	126.004438
5	d1xk4a1A	3	4	118.797364
5	d1xvha1A	0	4	30.237538
5	d1xvha1A	3	4	-152.887721
5	d1y6ia1A	0	1	-144.201184
5	d1y6ia1A	0	2	-25.275064
5	d1y6ia1A	1	3	-20.193540
5	d1y6ia1A	2	3	-140.745855
5	d1y6ia1A	2	4	-11.862437
5	d1y6xa1A	0	1	-70.107564
5	d1y6xa1A	0	3	-50.470783
5	d1y6xa1A	2	3	-160.396561
5	d1y9qa1A	1	2	116.244548
5	d1ycca_A	0	4	-95.825383
5	d1ycca_A	2	4	132.478504
5	d1yuza1A	0	1	-158.195992
5	d1yuza1A	0	2	-164.290300
5	d1yuza1A	0	4	23.524748
5	d1yuza1A	1	4	-172.413735
5	d1yuza1A	2	4	-150.374293
5	d1yuza1A	3	4	-166.966304
5	d1z21a1A	0	1	-131.860361
5	d1z21a1A	1	2	130.440776
5	d1z21a1A	1	3	-73.533642
5	d1z21a1A	2	4	-79.720538
5	d1z21a1A	3	4	-154.169689
5	d1z3xa1A	0	1	-135.268705
5	d1z3xa1A	1	3	-3.845746
5	d1z3xa1A	2	3	-146.023866
5	d1z3xa1A	3	4	-131.255190
5	d1zara1A	1	2	123.357431
5	d1zara1A	2	3	107.395368
5	d1zara1A	0	4	-74.068572
5	d1zara1A	1	4	-108.676400
5	d1zh5a1A	0	3	-172.103123
5	d1zh5a1A	0	4	-78.613117
5	d1zk8a2A	0	3	-38.876274
5	d1zk8a2A	2	3	114.047876
5	d1zk8a2A	0	4	138.219119
5	d1zk8a2A	3	4	164.990941
5	d1zkra1A	0	1	-149.173247
5	d1zkra1A	1	2	148.263647
5	d1zkra1A	0	3	168.865525
5	d1zs4a1A	1	2	103.545200
5	d1zs4a1A	0	3	126.393815
5	d1ztda1A	0	2	84.278852
5	d1ztda1A	1	2	76.195201
5	d1ztda1A	0	3	-60.977682
5	d1ztda1A	1	4	-52.491011
5	d1ztda1A	2	4	44.728055
5	d1ztda1A	3	4	135.225812
5	d256ba_A	0	1	-160.896469
5	d256ba_A	1	2	-165.411879
5	d256ba_A	2	3	-166.612254
5	d256ba_A	2	4	-167.099821
5	d2aiba_A	1	3	-133.179586
5	d2aiba_A	2	3	-86.011488
5	d2aiba_A	2	4	-84.097344
5	d2aiba_A	3	4	-146.611749
5	d2ap3a1A	1	2	-165.477141
5	d2ap3a1A	2	3	-160.526704
5	d2ap3a1A	3	4	-166.154127
5	d2b0ja1A	1	2	148.916285
5	d2b4jc1C	0	1	-156.332057
5	d2b4jc1C	0	3	32.556333
5	d2b4jc1C	1	4	26.010088
5	d2b4jc1C	3	4	-133.130634
5	d2b4va1A	0	1	136.537458
5	d2b4va1A	0	2	-52.197227
5	d2b4va1A	1	2	95.573702
5	d2b4va1A	2	4	-144.341194
5	d2b5aa1A	1	2	112.783742
5	d2b5aa1A	0	4	114.769106
5	d2bh4x_X	1	3	35.131797
5	d2bh4x_X	2	3	130.411654
5	d2bh4x_X	0	4	-95.382063
5	d2bh4x_X	2	4	130.158469
5	d2bs2a1A	0	1	-165.983575
5	d2bs2a1A	0	2	23.404335
5	d2bs2a1A	1	2	-150.516717
5	d2bs2a1A	3	4	149.253178
5	d2c0ga1A	0	2	26.292548
5	d2c0ga1A	1	2	-161.711092
5	d2c0ga1A	2	4	-48.794380
5	d2c0ga1A	3	4	-164.700071
5	d2c41a_A	0	1	-161.241241
5	d2c41a_A	0	2	-113.018636
5	d2c41a_A	0	3	-163.404312
5	d2c41a_A	0	4	27.536077
5	d2c41a_A	1	4	-167.698158
5	d2c41a_A	3	4	-157.237642
5	d2c4ja1A	0	1	-166.309408
5	d2c4ja1A	0	2	29.760079
5	d2c4ja1A	1	2	-138.500861
5	d2c4ja1A	2	3	-112.275193
5	d2cf7a_A	0	1	-156.801414
5	d2cf7a_A	0	3	-166.757084
5	d2cf7a_A	1	3	21.011720
5	d2cf7a_A	1	4	-169.230210
5	d2cf7a_A	3	4	-157.437405
5	d2choa1A	1	2	-149.892825
5	d2choa1A	2	3	-153.731251
5	d2choa1A	0	4	17.916768
5	d2ciwa2A	0	1	132.817807
5	d2ciwa2A	1	2	140.788469
5	d2ciwa2A	2	4	116.013195
5	d2cwya1A	0	1	-150.765988
5	d2cwya1A	1	2	-156.561723
5	d2cwya1A	2	3	-166.152295
5	d2cwya1A	2	4	22.104978
5	d2d29a1A	0	1	-150.216285
5	d2d29a1A	0	2	29.022391
5	d2d29a1A	1	2	-157.977155
5	d2d29a1A	0	3	-161.737796
5	d2d29a1A	2	3	-154.822735
5	d2e2dc_C	0	2	-81.241383
5	d2es9a1A	0	1	-173.125274
5	d2es9a1A	1	3	-36.072052
5	d2es9a1A	2	3	165.937537
5	d2es9a1A	0	4	153.920295
5	d2etsa1A	1	3	161.521126
5	d2etsa1A	0	4	-164.784411
5	d2etsa1A	3	4	-129.784445
5	d2f22a1A	0	2	179.078118
5	d2f22a1A	1	2	24.524417
5	d2f22a1A	0	3	22.695508
5	d2f22a1A	1	3	-177.443165
5	d2f22a1A	0	4	-125.951877
5	d2fefa1A	0	1	-162.002898
5	d2fefa1A	1	3	-153.092763
5	d2fefa1A	3	4	-166.806292
5	d2fl7a_A	0	2	81.950674
5	d2fl7a_A	3	4	160.642975
5	d2fmpa1A	0	1	-167.207423
5	d2fmpa1A	0	3	128.017782
5	d2fmpa1A	1	3	-55.572871
5	d2fmpa1A	2	3	143.345190
5	d2fmpa1A	0	4	48.760343
5	d2fmpa2A	0	1	126.678507
5	d2fupa1A	0	1	-157.271353
5	d2fupa1A	0	3	22.595766
5	d2fupa1A	1	4	17.949575
5	d2fupa1A	3	4	-143.516869
5	d2g2da_A	0	1	-166.776964
5	d2g2da_A	0	3	-167.914934
5	d2g2da_A	2	4	16.913341
5	d2g2da_A	3	4	-165.424539
5	d2g3ba2A	1	3	-106.106189
5	d2g3ba2A	0	4	151.058281
5	d2g3ba2A	3	4	166.328210
5	d2g5ca1A	1	3	-57.632319
5	d2g7sa2A	1	2	-121.699074
5	d2g7sa2A	0	3	-18.384815
5	d2g7sa2A	2	3	121.988424
5	d2g7sa2A	0	4	171.126093
5	d2g7sa2A	3	4	157.834523
5	d2gaua2A	1	3	-172.246885
5	d2gena2A	0	3	-33.572814
5	d2gena2A	0	4	142.167871
5	d2gena2A	3	4	161.126666
5	d2gnoa1A	0	2	-77.513736
5	d2gnoa1A	0	4	-71.329629
5	d2gnoa1A	1	4	141.508609
5	d2gnoa1A	2	4	24.398209
5	d2grca_A	0	2	-167.501379
5	d2grca_A	2	3	165.734177
5	d2grca_A	0	4	144.025661
5	d2grca_A	3	4	-169.675177
5	d2gyqa1A	0	1	-154.644499
5	d2gyqa1A	0	2	-17.595189
5	d2gyqa1A	0	3	-161.037010
5	d2gyqa1A	1	4	-170.985186
5	d2gyqa1A	3	4	-158.020996
5	d2hkva1A	1	2	144.218414
5	d2hkva1A	0	3	178.400179
5	d2hkva1A	1	3	20.046298
5	d2hkva1A	0	4	25.319274
5	d2hkva1A	1	4	-176.247308
5	d2hyja2A	0	3	-17.057480
5	d2hyja2A	2	3	127.486200
5	d2hyja2A	0	4	159.286231
5	d2hyja2A	3	4	175.325112
5	d2hzta1A	1	3	-74.371267
5	d2i10a1A	0	1	129.680639
5	d2i10a1A	0	3	-97.628134
5	d2i9ca1A	0	1	-157.091511
5	d2i9ca1A	0	2	126.175935
5	d2i9ca1A	2	3	-146.667919
5	d2i9ca1A	2	4	12.442145
5	d2i9ca1A	3	4	-135.176224
5	d2icta_A	1	2	106.090772
5	d2icta_A	1	3	101.797664
5	d2id3a2A	0	2	155.356196
5	d2id3a2A	0	3	-34.856210
5	d2id3a2A	2	3	129.607315
5	d2id3a2A	0	4	144.969634
5	d2id3a2A	3	4	147.976049
5	d2id6a2A	0	3	-18.091678
5	d2id6a2A	0	4	171.192792
5	d2id6a2A	3	4	166.114016
5	d2imla1A	1	2	-4.793429
5	d2imla1A	2	3	-158.871005
5	d2imla1A	1	4	-12.156455
5	d2imla1A	2	4	13.677239
5	d2imla1A	3	4	-156.050044
5	d2iu5a2A	0	2	157.594401
5	d2iu5a2A	2	3	133.516916
5	d2ivxa2A	0	1	163.160304
5	d2ivxa2A	0	2	-49.851838
5	d2ivxa2A	1	2	127.910174
5	d2ivxa2A	2	3	-74.225246
5	d2ivxa2A	1	4	169.636128
5	d2liga_A	0	1	-157.149750
5	d2liga_A	0	2	15.608015
5	d2liga_A	1	2	-158.324896
5	d2liga_A	2	3	-158.564977
5	d2liga_A	0	4	-166.982606
5	d2lisa_A	0	1	138.900064
5	d2lisa_A	0	2	-25.717715
5	d2lisa_A	1	2	132.606049
5	d2lisa_A	1	4	54.749239
5	d2nnua_A	0	1	-152.187915
5	d2nnua_A	1	2	-159.428183
5	d2np5a2A	0	4	140.038698
5	d2np5a2A	3	4	167.492494
5	d2nr4a1A	1	2	-9.819616
5	d2nr4a1A	2	3	-159.379617
5	d2nr4a1A	1	4	-16.340585
5	d2nr4a1A	2	4	6.579738
5	d2nr4a1A	3	4	-156.737436
5	d2nsfa1A	1	2	135.070854
5	d2nsfa1A	0	3	-172.402995
5	d2nsfa1A	1	3	23.468269
5	d2nsfa1A	0	4	24.830596
5	d2nsfa1A	1	4	-171.535393
5	d2nsfa1A	3	4	-152.947949
5	d2o37a_A	0	2	-116.812587
5	d2o37a_A	1	2	-163.728695
5	d2o37a_A	3	4	140.809216
5	d2o3la1A	0	1	138.402718
5	d2o3la1A	0	2	29.625212
5	d2o3la1A	1	2	162.666373
5	d2o3la1A	1	4	-61.544488
5	d2o3la1A	2	4	122.700263
5	d2o4aa_A	1	2	93.987475
5	d2o4aa_A	1	3	99.931798
5	d2o4aa_A	1	4	109.783955
5	d2o4ta1A	0	1	157.554420
5	d2o4ta1A	0	3	-58.673152
5	d2ofya1A	1	2	106.768880
5	d2ooca1A	1	2	-165.490161
5	d2ooca1A	2	3	-151.404774
5	d2ooca1A	1	4	-145.743135
5	d2p6va1A	0	3	-99.233297
5	d2p6va1A	1	4	135.039991
5	d2piha1A	2	3	-162.363247
5	d2ppxa1A	0	2	-107.008603
5	d2ppxa1A	1	2	119.604884
5	d2ppxa1A	3	4	116.737208
5	d2r1jl_L	1	2	106.567891
5	d2r1jl_L	1	3	117.072785
5	d2r1jl_L	0	4	123.254246
5	d2r1jl_L	3	4	100.860771
5	d2v5fa_A	0	1	-157.961344
5	d2v5fa_A	1	2	-147.815342
5	d2v5fa_A	2	3	-162.080191
5	d2v5fa_A	3	4	-148.566913
5	d2xi8a_A	1	2	113.965876
5	d2xkia_A	0	1	117.138951
5	d2xkia_A	0	3	128.899193
5	d2xkia_A	3	4	169.492643
5	d2y3qa_A	0	1	-159.708074
5	d2y3qa_A	0	2	-162.853568
5	d2y3qa_A	1	2	22.641677
5	d2y3qa_A	1	3	-167.386342
5	d2y3qa_A	2	3	-157.757478
5	d2z0ta_A	1	3	127.754394
5	d2zong_G	0	4	-87.193231
5	d2zong_G	3	4	123.468542
5	d2zoya2A	0	3	19.706275
5	d2zxya_A	0	4	-89.428750
5	d2zxya_A	2	4	116.351897
5	d3a77a_A	1	3	-15.890232
5	d3a77a_A	1	4	-149.662836
5	d3ag3e_E	0	1	-158.566200
5	d3ag3e_E	0	2	4.716829
5	d3ag3e_E	1	2	-158.390666
5	d3ag3e_E	2	3	162.046905
5	d3ag3e_E	2	4	-36.228901
5	d3ag3e_E	3	4	161.481766
5	d3ak8i_I	0	1	-160.038472
5	d3ak8i_I	1	3	27.132178
5	d3ak8i_I	1	4	-169.119363
5	d3ak8i_I	3	4	-156.471987
5	d3bs5b_B	0	1	170.912976
5	d3bs5b_B	3	4	126.475037
5	d3buxb1B	0	1	115.628859
5	d3buxb1B	1	2	117.063408
5	d3buxb1B	0	3	147.833710
5	d3buxb2B	0	1	-161.689490
5	d3buxb2B	0	3	34.776716
5	d3buxb2B	3	4	-163.829621
5	d3ci3a_A	0	1	-169.068108
5	d3ci3a_A	0	3	-167.242764
5	d3ci3a_A	1	4	-159.541334
5	d3ci3a_A	2	4	25.558490
5	d3ci3a_A	3	4	-168.142055
5	d3d7ca_A	0	2	-161.188624
5	d3d7ca_A	3	4	-161.290226
5	d3df8a_A	1	3	-73.323097
5	d3df8a_A	2	3	112.032715
5	d3df8a_A	1	4	-112.468004
5	d3e6sa_A	0	1	-160.106504
5	d3e6sa_A	0	2	-167.343403
5	d3e6sa_A	1	2	15.670776
5	d3e6sa_A	1	3	-171.695864
5	d3e6sa_A	2	3	-161.675333
5	d3flga_A	3	4	58.915076
5	d3kwoa_A	0	1	-158.545724
5	d3kwoa_A	0	3	-167.827797
5	d3kwoa_A	1	3	19.057891
5	d3kwoa_A	1	4	-165.583908
5	d3kwoa_A	3	4	-153.975049
5	d3lhra_A	0	1	-165.280421
5	d3lhra_A	3	4	116.865930
5	d3nxba_A	0	2	-162.738562
5	d3nxba_A	2	3	165.117183
5	d3nxba_A	0	4	145.788596
5	d3nxba_A	3	4	-167.226427
5	d3obca_A	0	3	-86.195609
5	d3obca_A	1	3	-166.976039
5	d3q20a_A	0	3	124.196450
5	d3s8qa_A	1	2	116.686442
5	d3s8qa_A	0	4	120.176277
5	d3tdta_A	0	1	-118.930397
5	d3tdta_A	0	2	62.699784
5	d3tdta_A	1	2	-115.627512
5	d3umha_A	2	3	-168.626595
6	d1b0ba_A	0	2	160.943390
6	d1b0ba_A	3	5	-70.364515
6	d1b0ba_A	4	5	161.555772
6	d1bgca_A	0	4	-161.383292
6	d1bgca_A	3	4	-157.075424
6	d1bgca_A	0	5	-159.700324
6	d1bgca_A	3	5	-161.104051
6	d1cg5a_A	1	2	112.955239
6	d1cg5a_A	1	4	125.765978
6	d1cg5a_A	0	5	-80.856733
6	d1cg5a_A	4	5	153.661294
6	d1cqxa1A	1	4	129.652107
6	d1d2za_A	0	3	127.946090
6	d1d2za_A	2	3	140.241622
6	d1d2za_A	0	5	172.544985
6	d1dvka_A	1	2	-158.356693
6	d1dvka_A	1	3	49.551957
6	d1dvka_A	3	4	-160.744757
6	d1dvka_A	1	5	57.343764
6	d1dvka_A	2	5	-118.752329
6	d1dvka_A	4	5	-169.124498
6	d1dvoa_A	1	3	-128.565603
6	d1dvoa_A	2	3	140.535792
6	d1dvoa_A	4	5	-157.148043
6	d1eg3a1A	2	3	136.665169
6	d1eg3a1A	3	4	138.241462
6	d1eg3a1A	4	5	116.693992
6	d1f1ea_A	0	1	94.759123
6	d1f1ea_A	1	4	142.511267
6	d1f1ea_A	4	5	125.084073
6	d1f1ma_A	1	2	-156.998928
6	d1f1ma_A	0	5	-155.927352
6	d1f1ma_A	2	5	-158.026070
6	d1fioa_A	0	1	-155.315813
6	d1fioa_A	1	2	-153.483127
6	d1fioa_A	1	5	13.670079
6	d1fioa_A	2	5	-162.313696
6	d1fp2a1A	1	4	-112.907536
6	d1g8ea_A	0	3	134.677398
6	d1gaka_A	0	1	148.106881
6	d1gaka_A	0	3	-47.371484
6	d1gaka_A	2	3	123.032225
6	d1gaka_A	0	4	-54.504149
6	d1gaka_A	1	4	140.796269
6	d1gaka_A	1	5	49.946531
6	d1go3f_F	0	1	-136.361243
6	d1go3f_F	2	3	136.973530
6	d1h3na1A	1	2	-168.616182
6	d1h3na1A	0	3	-140.524338
6	d1h3na1A	2	3	-159.414723
6	d1h3na1A	3	4	-144.553632
6	d1h4ra1A	2	4	-67.878766
6	d1h4ra1A	1	5	50.296518
6	d1h4ra1A	2	5	-162.166885
6	d1h97a_A	1	2	105.310930
6	d1h97a_A	2	3	-156.046851
6	d1h97a_A	1	4	125.506877
6	d1h97a_A	0	5	-107.739214
6	d1h97a_A	4	5	162.385033
6	d1hf8a2A	0	1	-144.721143
6	d1hf8a2A	3	5	27.248708
6	d1iqca1A	0	4	-150.381552
6	d1iqca1A	0	5	-100.922388
6	d1iqca1A	2	5	124.352901
6	d1iqva_A	0	1	118.631688
6	d1iqva_A	1	4	-51.722105
6	d1iqva_A	2	4	60.745329
6	d1iqva_A	3	4	130.551296
6	d1iqva_A	3	5	132.235148
6	d1it2a_A	1	2	109.780100
6	d1it2a_A	1	4	129.095260
6	d1it2a_A	3	5	-55.882486
6	d1it2a_A	4	5	158.648772
6	d1jhda1A	2	3	35.566466
6	d1jhda1A	3	4	152.374798
6	d1jhga_A	2	4	-63.458406
6	d1jhga_A	3	4	123.421975
6	d1jlva1A	1	2	-153.154170
6	d1jlva1A	3	5	-31.684445
6	d1kola1A	0	5	-88.633499
6	d1ks9a1A	0	1	154.381797
6	d1ks9a1A	0	2	-60.616206
6	d1ks9a1A	1	2	128.869843
6	d1ks9a1A	1	4	54.368280
6	d1ks9a1A	4	5	-137.304588
6	d1lb3a_A	0	1	-162.446555
6	d1lb3a_A	0	2	-169.964449
6	d1lb3a_A	1	2	13.273014
6	d1lb3a_A	2	4	-157.682581
6	d1lj9a_A	1	2	118.452001
6	d1lj9a_A	1	3	-85.335766
6	d1lj9a_A	2	3	115.004931
6	d1lj9a_A	1	4	-108.980971
6	d1m0ua1A	0	2	-158.884116
6	d1m0ua1A	0	3	6.138515
6	d1m0ua1A	2	4	65.178289
6	d1m0ua1A	3	4	-112.906097
6	d1m15a1A	0	3	38.789119
6	d1m15a1A	1	5	119.663190
6	d1m48a_A	0	4	-153.014599
6	d1m48a_A	3	4	158.069409
6	d1m48a_A	0	5	-158.121313
6	d1m6ya1A	1	2	134.252091
6	d1m6ya1A	2	3	131.200734
6	d1mija_A	2	3	162.716601
6	d1mija_A	2	4	-56.806701
6	d1mija_A	3	4	124.419005
6	d1mija_A	4	5	160.008752
6	d1n2aa1A	0	3	20.763330
6	d1n2aa1A	1	3	27.240073
6	d1n2aa1A	3	4	-109.409507
6	d1n8va_A	0	3	-18.472138
6	d1n8va_A	3	5	-78.142388
6	d1niga_A	0	1	-164.232966
6	d1niga_A	0	4	-163.177570
6	d1niga_A	1	5	-166.455098
6	d1niga_A	2	5	68.880631
6	d1niga_A	4	5	-166.397577
6	d1nzna_A	0	1	-144.296925
6	d1nzna_A	1	2	-147.057182
6	d1nzna_A	1	3	21.226839
6	d1nzna_A	2	3	-156.038611
6	d1nzna_A	3	4	-152.400432
6	d1nzna_A	3	5	15.486522
6	d1nzna_A	4	5	-154.489736
6	d1o82a_A	1	5	137.389955
6	d1oe8a1A	0	2	-164.475811
6	d1oe8a1A	0	3	17.742611
6	d1oe8a1A	3	4	-124.664393
6	d1oe8a1A	4	5	-105.350040
6	d1oeja_A	2	3	129.267590
6	d1oeja_A	2	5	-16.670406
6	d1ofcx2X	1	2	142.463360
6	d1ofcx2X	2	3	127.952235
6	d1ofcx2X	2	5	-89.030546
6	d1okta1A	1	2	-20.213937
6	d1okta1A	0	3	14.791388
6	d1okta1A	2	4	79.271628
6	d1okta1A	3	4	-98.857916
6	d1ooha_A	2	5	77.156004
6	d1ooha_A	4	5	121.442806
6	d1oyga_A	0	4	81.746002
6	d1p28a_A	0	1	147.511510
6	d1p28a_A	0	2	98.554723
6	d1p28a_A	1	2	-60.878157
6	d1p28a_A	2	5	90.581384
6	d1p28a_A	4	5	134.097307
6	d1pi1a_A	1	2	-147.017689
6	d1pi1a_A	1	3	31.109112
6	d1pi1a_A	2	3	-143.679763
6	d1pi1a_A	1	4	-159.097270
6	d1pi1a_A	3	4	-154.937799
6	d1q06a_A	2	3	141.956126
6	d1qksa1A	1	5	-90.053973
6	d1qksa1A	4	5	135.546361
6	d1qwra_A	3	4	-130.848267
6	d1qwra_A	3	5	144.099458
6	d1r0da_A	0	1	-166.973564
6	d1r0da_A	0	3	11.537768
6	d1r0da_A	1	4	12.063196
6	d1r0da_A	3	4	-163.231794
6	d1r0da_A	1	5	-169.714820
6	d1r0da_A	4	5	-175.353036
6	d1rkta2A	2	3	116.939672
6	d1rkta2A	0	5	163.960609
6	d1rkta2A	3	5	173.352213
6	d1rssa_A	0	1	116.215758
6	d1rssa_A	0	3	-49.126879
6	d1rssa_A	1	4	-53.294363
6	d1rssa_A	2	4	65.778206
6	d1rssa_A	3	4	124.067755
6	d1rxwa1A	0	1	136.173369
6	d1rxwa1A	1	2	109.869155
6	d1rxwa1A	0	3	131.606845
6	d1rxwa1A	4	5	144.985933
6	d1s4ka_A	0	2	-121.703500
6	d1s4ka_A	1	2	113.533269
6	d1s4ka_A	3	5	-48.455955
6	d1sd4a_A	0	1	112.816763
6	d1sd4a_A	0	2	-79.362370
6	d1sd4a_A	1	2	126.430125
6	d1seda_A	2	3	167.717836
6	d1seda_A	1	4	-141.523807
6	d1seda_A	3	5	-101.784080
6	d1seda_A	4	5	-136.234351
6	d1sqga1A	0	2	-59.705405
6	d1sqga1A	1	2	134.734867
6	d1sqga1A	0	3	117.464656
6	d1sqga1A	2	3	107.216056
6	d1sqga1A	3	4	164.958040
6	d1sqga1A	3	5	-49.111939
6	d1sqga1A	4	5	130.880746
6	d1sraa_A	0	1	-107.384835
6	d1sraa_A	0	2	58.521429
6	d1sraa_A	0	3	88.722746
6	d1sraa_A	4	5	110.928232
6	d1szha_A	0	1	136.638083
6	d1szha_A	0	2	141.248005
6	d1szha_A	3	4	-177.555864
6	d1tdha1A	2	5	122.563257
6	d1tu7a1A	0	2	-169.065423
6	d1tu7a1A	0	3	26.809519
6	d1tu7a1A	2	4	77.220087
6	d1tu7a1A	3	4	-107.019523
6	d1tw9a1A	0	2	-164.299296
6	d1tw9a1A	0	3	26.707168
6	d1tw9a1A	2	4	78.411893
6	d1tw9a1A	3	4	-108.306099
6	d1u2wa1A	1	2	-85.278153
6	d1u2wa1A	2	4	-76.413145
6	d1u2wa1A	3	4	109.558456
6	d1u2wa1A	2	5	-109.534958
6	d1u61a_A	0	1	132.106940
6	d1u61a_A	0	4	84.707215
6	d1u61a_A	2	4	73.649983
6	d1u61a_A	3	4	129.608353
6	d1u61a_A	0	5	-63.316303
6	d1u61a_A	2	5	106.221799
6	d1u61a_A	4	5	-147.771322
6	d1u7ka_A	0	2	-43.154645
6	d1u7ka_A	1	2	159.543799
6	d1u7ka_A	1	5	-169.558857
6	d1u7ka_A	3	5	116.902648
6	d1vkea_A	2	3	-157.998955
6	d1vkea_A	2	4	-36.003934
6	d1vkea_A	3	5	-35.656624
6	d1vkea_A	4	5	169.590069
6	d1vpda1A	0	2	-50.557714
6	d1vpda1A	0	4	72.981225
6	d1vpda1A	3	4	-144.050914
6	d1vpda1A	0	5	-33.355422
6	d1vpda1A	4	5	78.115310
6	d1wwia1A	1	3	-78.757069
6	d1wwia1A	0	4	-56.848565
6	d1wwia1A	1	4	133.742209
6	d1wwia1A	2	4	98.175237
6	d1x6va1A	4	5	165.974061
6	d1xg2b_B	2	3	-162.779241
6	d1xg2b_B	3	4	-168.505077
6	d1xg2b_B	2	5	-160.807603
6	d1xg2b_B	4	5	-160.957676
6	d1xsva_A	0	1	-130.866663
6	d1xsva_A	0	3	71.500310
6	d1xsva_A	1	3	-92.310667
6	d1xsva_A	4	5	-175.192946
6	d1yoza1A	2	3	-166.134560
6	d1yoza1A	0	4	26.729206
6	d1yoza1A	2	5	-10.756304
6	d1yoza1A	3	5	-169.245273
6	d1yqga1A	1	2	131.886564
6	d1yqga1A	0	5	131.569000
6	d1yvia1A	2	3	-162.127599
6	d1yvia1A	3	4	-161.949741
6	d1yvia1A	2	5	-156.786419
6	d1z6oa1A	0	1	-158.644949
6	d1z6oa1A	0	2	-166.289666
6	d1z6oa1A	2	4	-153.285486
6	d1z6oa1A	4	5	158.537387
6	d1z6om1M	0	1	-160.900453
6	d1z6om1M	0	2	-171.190025
6	d1z6om1M	1	2	11.560017
6	d2a0ba_A	2	3	-166.255083
6	d2a0ba_A	3	4	-155.921096
6	d2a0ba_A	2	5	-158.553766
6	d2a0ba_A	4	5	-158.698788
6	d2a9ia_A	1	2	153.891426
6	d2a9ia_A	0	3	126.237659
6	d2a9ia_A	1	3	22.071444
6	d2a9ia_A	0	5	162.379030
6	d2a9ia_A	4	5	-151.703447
6	d2a9ua1A	1	2	-158.224050
6	d2a9ua1A	3	4	-82.739208
6	d2ahra1A	1	2	130.192379
6	d2ahra1A	0	5	124.188792
6	d2arza1A	4	5	65.756555
6	d2au5a1A	0	2	-133.278430
6	d2au5a1A	0	3	-77.389300
6	d2au5a1A	0	4	120.826026
6	d2au5a1A	3	4	-129.583871
6	d2c12a1A	0	1	-154.700533
6	d2c12a1A	0	2	26.059247
6	d2c12a1A	1	2	-161.157089
6	d2c12a1A	2	3	-151.860384
6	d2c8sa1A	1	4	-91.275479
6	d2c8sa1A	3	4	123.767904
6	d2cchb1B	1	2	151.280196
6	d2cchb1B	2	3	136.024190
6	d2cchb1B	3	5	-73.182985
6	d2cvda1A	0	2	-166.492157
6	d2cvda1A	0	3	19.716548
6	d2cvda1A	3	4	-113.584655
6	d2d5ba1A	0	4	-146.062523
6	d2d5ba1A	2	4	-170.668935
6	d2f2ea1A	1	2	119.028090
6	d2f2ea1A	2	3	121.496905
6	d2f2ea1A	1	5	-109.198969
6	d2fbha1A	1	2	113.575921
6	d2fbha1A	1	3	-85.044328
6	d2fbha1A	1	4	-95.949862
6	d2fbqa2A	0	5	150.548940
6	d2fbqa2A	3	5	164.372200
6	d2fd5a2A	0	4	-12.860593
6	d2fd5a2A	3	4	120.778993
6	d2fd5a2A	4	5	-175.485609
6	d2fq4a2A	0	3	166.295431
6	d2fq4a2A	0	4	-34.522357
6	d2fq4a2A	3	4	133.006232
6	d2fq4a2A	0	5	142.053695
6	d2g3ha_A	0	2	-151.229367
6	d2g3ha_A	1	2	111.120732
6	d2g3ha_A	2	3	-155.640241
6	d2g3ha_A	1	4	129.367955
6	d2g3ha_A	0	5	-95.515855
6	d2g3ha_A	3	5	-61.723162
6	d2g3ha_A	4	5	156.482908
6	d2g7ga2A	0	3	-40.688846
6	d2g7ga2A	2	3	123.619639
6	d2g7ga2A	0	5	145.341423
6	d2g7ga2A	3	5	171.593250
6	d2g9wa1A	0	1	108.553151
6	d2g9wa1A	1	2	115.155764
6	d2ga1a1A	2	5	-83.647479
6	d2ga1a1A	4	5	-101.858097
6	d2gdma_A	0	2	-168.258422
6	d2gdma_A	0	4	79.593253
6	d2gdma_A	1	4	135.142580
6	d2gdma_A	2	5	101.024694
6	d2gdma_A	3	5	-73.379466
6	d2gdma_A	4	5	152.241849
6	d2gfna2A	0	2	-158.377103
6	d2gfna2A	2	3	128.199114
6	d2gfna2A	0	5	117.815408
6	d2gfna2A	3	5	143.846384
6	d2hqta1A	2	5	76.770780
6	d2hqta1A	3	5	-112.619847
6	d2ijqa1A	0	1	-168.428366
6	d2ijqa1A	1	2	-158.297148
6	d2ijqa1A	2	3	-163.341909
6	d2ijqa1A	3	4	-143.610563
6	d2ijqa1A	0	5	-113.750266
6	d2jdia1A	0	1	-130.707612
6	d2jdia1A	0	2	40.630171
6	d2jdia1A	1	2	157.317663
6	d2jdia1A	3	5	126.863948
6	d2jdid1D	1	2	-115.279447
6	d2jdid1D	2	4	161.663240
6	d2o3fa1A	0	1	-136.316816
6	d2o3fa1A	1	4	-78.987382
6	d2o3fa1A	0	5	-109.094360
6	d2o3fa1A	2	5	-136.175986
6	d2oeba1A	0	3	151.651910
6	d2oeba1A	1	3	-52.796881
6	d2oeba1A	2	3	-144.237402
6	d2oeba1A	0	5	-49.670475
6	d2oeba1A	1	5	-152.418198
6	d2oeba1A	3	5	127.918023
6	d2oeea1A	1	2	-107.181994
6	d2oeea1A	1	4	-151.005472
6	d2okua1A	2	3	-153.642735
6	d2okua1A	3	4	-169.550135
6	d2okua1A	4	5	-167.933554
6	d2ou6a1A	1	2	-130.062985
6	d2ou6a1A	0	3	-175.152165
6	d2ou6a1A	1	3	20.530463
6	d2ou6a1A	1	5	-173.876200
6	d2pqra_A	1	2	-152.089022
6	d2pqra_A	2	3	-150.206411
6	d2pqra_A	2	4	16.769218
6	d2pqra_A	3	4	-158.409066
6	d2pqra_A	4	5	-152.554789
6	d2pvba_A	0	1	157.838593
6	d2pvba_A	3	4	119.539089
6	d2pvba_A	1	5	-80.726355
6	d2pvba_A	2	5	123.361104
6	d2pyqa1A	3	4	118.575756
6	d2pyqa1A	1	5	124.897710
6	d2pyqa1A	4	5	125.815905
6	d2q66a1A	0	1	135.236653
6	d2q66a1A	0	2	-56.300021
6	d2q66a1A	1	2	108.075625
6	d2q66a1A	2	4	-140.067325
6	d2q66a1A	4	5	168.523848
6	d2qjza1A	0	1	55.788598
6	d2qjza1A	1	2	24.346843
6	d2qjza1A	0	4	55.278825
6	d2qjza1A	1	4	7.014812
6	d2r25a_A	1	2	-163.113683
6	d2r25a_A	2	3	-156.534349
6	d2r25a_A	1	5	-154.739695
6	d2r25a_A	3	5	-165.758827
6	d2v7fa1A	0	2	121.225481
6	d2v7fa1A	2	3	117.509309
6	d2v7fa1A	2	4	-75.857541
6	d2v7fa1A	3	4	122.286748
6	d2v7fa1A	0	5	121.647447
6	d2vkva2A	0	3	-33.932263
6	d2vkva2A	0	5	146.761474
6	d2vkva2A	3	5	168.712700
6	d2wy4a_A	0	2	161.386435
6	d2wy4a_A	3	5	-63.387667
6	d2wy4a_A	4	5	156.485493
6	d2xiga_A	0	1	150.509525
6	d2xiga_A	1	3	-75.693476
6	d2xiga_A	2	3	117.651645
6	d2ykza_A	2	4	-163.293517
6	d2ykza_A	4	5	-162.185871
6	d2zs0a_A	1	2	93.882300
6	d2zs0a_A	1	4	129.325666
6	d2zs0a_A	0	5	-96.926506
6	d2zs0a_A	3	5	-57.360153
6	d2zs0a_A	4	5	146.716027
6	d2zs0b_B	1	2	101.840087
6	d2zs0b_B	1	4	132.236350
6	d2zs0b_B	0	5	-91.544695
6	d2zs0b_B	3	5	-60.790471
6	d2zs0b_B	4	5	145.112251
6	d2zs0c_C	1	2	100.928624
6	d2zs0c_C	1	4	121.163112
6	d2zs0c_C	0	5	-99.019720
6	d2zs0c_C	3	5	-56.627894
6	d2zs0c_C	4	5	158.099116
6	d2zs0d_D	1	2	95.065827
6	d2zs0d_D	1	4	131.560275
6	d2zs0d_D	0	5	-100.513379
6	d2zs0d_D	3	5	-52.555708
6	d2zs0d_D	4	5	153.606014
6	d3bi1a1A	4	5	-171.306172
6	d3boma_A	1	2	117.657861
6	d3boma_A	2	3	-148.847159
6	d3boma_A	1	4	125.900926
6	d3boma_A	0	5	-96.448956
6	d3boma_A	4	5	153.520761
6	d3bvfa_A	0	1	-160.882147
6	d3bvfa_A	0	2	-169.947047
6	d3bvfa_A	1	2	17.702623
6	d3bvfa_A	1	4	-165.841009
6	d3bvfa_A	2	4	-154.977175
6	d3bvfa_A	4	5	155.376559
6	d3cz1a_A	0	2	148.335614
6	d3cz1a_A	1	2	-66.686857
6	d3cz1a_A	2	5	85.292012
6	d3cz1a_A	4	5	131.141220
6	d3dlqi_I	0	2	-119.370838
6	d3dlqi_I	1	3	-29.643451
6	d3dlqi_I	0	4	-146.491894
6	d3dlqi_I	1	5	-146.482027
6	d3echa_A	1	3	-78.910411
6	d3echa_A	0	4	139.409001
6	d3echa_A	1	4	-119.350208
6	d3k1ea_A	0	2	125.290271
6	d3k1ea_A	2	5	90.395438
6	d3o0gd_D	0	2	8.190248
6	d3o0gd_D	1	3	-46.006282
6	d3o0gd_D	2	3	129.757594
6	d3o0gd_D	3	4	-51.477447
6	d3o0gd_D	2	5	79.599088
6	d3oq3a_A	0	3	-145.157948
6	d3oq3a_A	1	3	-145.642232
6	d3oq3a_A	1	4	-20.849244
6	d3oq3a_A	0	5	-157.177910
6	d3oq3a_A	1	5	-157.174314
6	d3oq3a_A	4	5	158.961398
6	d3p1fa_A	0	3	-153.658853
6	d3p1fa_A	3	4	167.909358
6	d3p1fa_A	0	5	141.898561
6	d3p1fa_A	4	5	-166.501821
6	d3pvja_A	3	5	-121.734679
6	d3r9va_A	1	2	163.618308
6	d3r9va_A	2	4	-156.170851
6	d3r9va_A	1	5	-159.554847
6	d3u5la_A	0	1	-5.799627
6	d3u5la_A	1	3	-143.312423
6	d3u5la_A	3	4	170.123853
6	d3u5la_A	1	5	145.430070
6	d3u5la_A	4	5	-159.203729
7	d1a9xa1A	0	1	-135.794983
7	d1a9xa1A	1	2	143.622747
7	d1a9xa1A	1	3	-64.680714
7	d1a9xa1A	5	6	112.948568
7	d1asha_A	1	2	155.578166
7	d1asha_A	1	3	98.457427
7	d1asha_A	3	4	-157.934878
7	d1asha_A	1	5	126.774504
7	d1asha_A	3	5	-94.759496
7	d1asha_A	0	6	-107.267324
7	d1asha_A	4	6	-62.249905
7	d1asha_A	5	6	159.484980
7	d1b8da_A	2	3	145.599018
7	d1b8da_A	2	5	-55.819354
7	d1b8da_A	5	6	-170.510673
7	d1c52a_A	0	4	-89.497737
7	d1c52a_A	3	5	-66.208992
7	d1c52a_A	4	5	118.782349
7	d1c52a_A	3	6	-163.916792
7	d1cg5b_B	1	2	118.172875
7	d1cg5b_B	1	5	122.680041
7	d1cg5b_B	0	6	-90.673633
7	d1cg5b_B	5	6	154.552870
7	d1cy5a_A	3	4	144.990149
7	d1cy5a_A	2	5	130.973708
7	d1cy5a_A	5	6	-141.719395
7	d1d9ca_A	0	3	-132.188774
7	d1d9ca_A	2	3	-155.087849
7	d1d9ca_A	2	4	-72.450877
7	d1dlwa_A	1	2	130.304263
7	d1dlwa_A	1	4	130.104356
7	d1dlwa_A	4	5	149.599950
7	d1dqea_A	1	3	118.309959
7	d1dqea_A	2	3	-70.588189
7	d1dqea_A	4	5	137.959865
7	d1dqea_A	3	6	84.094121
7	d1dqea_A	5	6	132.626952
7	d1ds1a_A	0	3	88.649118
7	d1ds1a_A	1	3	-72.027562
7	d1ds1a_A	2	3	-56.542700
7	d1ds1a_A	5	6	-111.632658
7	d1eexg_G	2	3	-175.461591
7	d1eexg_G	4	5	-148.511454
7	d1eexg_G	5	6	-173.548918
7	d1elra_A	0	1	-162.138220
7	d1elra_A	1	2	-160.758405
7	d1elra_A	2	3	-167.765228
7	d1elra_A	2	4	11.897899
7	d1elra_A	3	4	-162.884472
7	d1elra_A	4	5	-166.865437
7	d1elra_A	4	6	29.923154
7	d1elra_A	5	6	-149.677405
7	d1elwa_A	0	1	-165.684224
7	d1elwa_A	1	2	-156.693879
7	d1elwa_A	2	3	-159.474251
7	d1elwa_A	3	4	-156.512478
7	d1elwa_A	4	5	-174.273740
7	d1elwa_A	5	6	-146.234793
7	d1exra_A	3	6	106.183724
7	d1eyva_A	0	1	115.620351
7	d1eyva_A	0	2	-43.270729
7	d1eyva_A	1	2	-150.548604
7	d1eyva_A	0	4	122.484502
7	d1eyva_A	2	4	93.282209
7	d1eyva_A	3	4	109.450269
7	d1eyva_A	0	5	-61.577468
7	d1eyva_A	4	5	166.095866
7	d1eyva_A	5	6	158.894725
7	d1fc3a_A	0	1	129.353318
7	d1fc3a_A	1	2	125.751133
7	d1fc3a_A	1	3	-100.053260
7	d1fc3a_A	2	3	100.642892
7	d1fc3a_A	0	6	123.346475
7	d1fc3a_A	1	6	-51.594657
7	d1g8fa1A	3	5	40.817773
7	d1g8fa1A	5	6	163.732990
7	d1gvja_A	1	2	132.914856
7	d1gvja_A	2	3	117.188654
7	d1gvja_A	2	4	-106.789025
7	d1h32a1A	1	6	-93.937088
7	d1h32a1A	5	6	113.164115
7	d1huwa_A	3	5	-156.560788
7	d1huwa_A	0	6	-154.762552
7	d1huwa_A	3	6	-158.552619
7	d1hw1a2A	2	3	176.441262
7	d1hw1a2A	3	4	167.912655
7	d1hw1a2A	2	5	-157.536265
7	d1hw1a2A	3	5	24.601992
7	d1hw1a2A	1	6	158.357253
7	d1izma_A	1	2	141.536618
7	d1izma_A	1	3	-46.428223
7	d1izma_A	2	3	117.778723
7	d1izma_A	1	4	-36.480633
7	d1izma_A	4	5	-132.801258
7	d1izma_A	4	6	16.108095
7	d1izma_A	5	6	-138.645114
7	d1jl7a_A	1	3	121.892480
7	d1jl7a_A	0	5	63.366213
7	d1jl7a_A	1	5	132.037195
7	d1jl7a_A	4	6	-54.525247
7	d1jl7a_A	5	6	145.697114
7	d1k0ma1A	0	1	-158.988982
7	d1k0ma1A	0	3	15.534111
7	d1k0ma1A	3	4	-106.435991
7	d1k0ma1A	3	6	-74.957676
7	d1k3ya1A	0	3	22.402894
7	d1k3ya1A	3	4	-107.585838
7	d1k3ya1A	4	5	-81.974679
7	d1mbaa_A	1	3	102.477024
7	d1mbaa_A	1	5	124.828821
7	d1mbaa_A	4	6	-57.360757
7	d1mbaa_A	5	6	166.411270
7	d1n1fa_A	0	3	-143.744111
7	d1n1fa_A	1	3	-141.312897
7	d1n1fa_A	0	5	-131.857343
7	d1n1fa_A	2	5	-125.371215
7	d1n1fa_A	0	6	-155.471749
7	d1naza_A	1	2	151.015184
7	d1naza_A	1	3	103.703212
7	d1naza_A	1	5	122.208639
7	d1naza_A	4	6	-62.377008
7	d1ng6a_A	0	1	-151.771467
7	d1ng6a_A	2	3	-158.631399
7	d1ng6a_A	4	5	129.512275
7	d1ng6a_A	4	6	-48.641378
7	d1ofda1A	0	1	-72.474176
7	d1ofda1A	0	2	-52.512047
7	d1ofda1A	4	5	-138.132522
7	d1pprm1M	0	3	131.450035
7	d1pprm1M	2	3	-163.467456
7	d1pprm1M	1	4	-163.653358
7	d1pprm1M	0	6	-164.447970
7	d1q1fa_A	1	3	106.447625
7	d1q1fa_A	0	5	74.048510
7	d1q1fa_A	1	5	125.403720
7	d1q1fa_A	0	6	-91.943194
7	d1q1fa_A	5	6	154.071054
7	d1q5za_A	1	5	170.810322
7	d1q5za_A	1	6	48.181807
7	d1q5za_A	4	6	-25.451598
7	d1q5za_A	5	6	-134.331478
7	d1qh4a1A	2	6	116.465239
7	d1qkra_A	0	1	-108.882262
7	d1qkra_A	1	2	-161.053880
7	d1qkra_A	2	3	-155.476834
7	d1qkra_A	1	6	6.087920
7	d1qkra_A	2	6	-165.864432
7	d1qkra_A	3	6	28.819655
7	d1qkra_A	5	6	-150.327583
7	d1s0pa_A	0	1	-173.597803
7	d1s0pa_A	1	3	-166.611300
7	d1s0pa_A	4	5	-170.018482
7	d1s0pa_A	0	6	-165.006255
7	d1s0pa_A	5	6	-167.895797
7	d1s2xa_A	0	3	147.765084
7	d1s2xa_A	3	4	173.931939
7	d1s2xa_A	2	5	-21.341952
7	d1s2xa_A	3	6	-3.102059
7	d1s2xa_A	4	6	176.634086
7	d1s69a_A	1	2	133.104529
7	d1s69a_A	1	4	127.079329
7	d1s69a_A	4	5	161.026655
7	d1sumb_B	0	1	-164.600178
7	d1sumb_B	0	2	15.533923
7	d1sumb_B	1	2	-162.420171
7	d1sumb_B	0	3	-174.026482
7	d1sumb_B	2	6	-172.759971
7	d1sumb_B	3	6	15.470422
7	d1tu9a_A	1	3	97.642703
7	d1tu9a_A	1	5	140.051915
7	d1tu9a_A	0	6	-102.892961
7	d1tu9a_A	3	6	95.504318
7	d1tu9a_A	5	6	155.748353
7	d1tzva_A	0	1	130.470440
7	d1tzva_A	0	2	-41.786444
7	d1tzva_A	1	2	159.877546
7	d1tzva_A	0	4	128.729704
7	d1tzva_A	2	4	100.081651
7	d1tzva_A	3	4	104.844959
7	d1tzva_A	0	5	-53.615733
7	d1tzva_A	4	5	167.476964
7	d1tzva_A	4	6	-25.423063
7	d1tzva_A	5	6	158.142051
7	d1u6za1A	1	2	151.868822
7	d1u6za1A	2	4	-50.295712
7	d1u6za1A	3	4	173.806864
7	d1u6za1A	1	5	132.014641
7	d1u6za1A	2	5	-31.442859
7	d1u6za1A	5	6	156.130649
7	d1urva_A	1	2	139.153001
7	d1urva_A	1	3	114.452868
7	d1urva_A	1	5	123.501907
7	d1urva_A	0	6	-91.040415
7	d1urva_A	4	6	-53.920395
7	d1vpra1A	0	4	-148.816564
7	d1wpba_A	0	1	-166.294007
7	d1wpba_A	3	4	-65.983348
7	d1wpba_A	3	5	65.798703
7	d1wpba_A	5	6	145.674077
7	d1xlya_A	0	1	-157.975897
7	d1xlya_A	0	2	15.708181
7	d1xlya_A	0	4	-154.136837
7	d1xlya_A	0	6	14.759437
7	d1xlya_A	4	6	-164.830779
7	d1ynba1A	1	2	157.425668
7	d1ynba1A	1	5	124.768284
7	d1ynba1A	5	6	6.856295
7	d2a61a1A	2	3	122.876074
7	d2a61a1A	2	4	-77.079786
7	d2a61a1A	3	4	112.075194
7	d2ao9a1A	1	2	141.502516
7	d2ao9a1A	0	4	-157.117326
7	d2ao9a1A	1	4	-41.232879
7	d2ao9a1A	5	6	-132.712979
7	d2apla1A	0	1	135.668733
7	d2apla1A	0	2	-39.683526
7	d2apla1A	1	2	150.806720
7	d2apla1A	3	4	134.777478
7	d2apla1A	3	6	-63.269238
7	d2apla1A	5	6	160.427393
7	d2bkma_A	1	2	141.272126
7	d2bkma_A	2	3	-121.914353
7	d2bkma_A	5	6	160.108297
7	d2cchb2B	0	1	161.361758
7	d2cchb2B	0	3	-48.441758
7	d2cchb2B	1	3	137.927000
7	d2cchb2B	3	5	-66.224527
7	d2cchb2B	1	6	165.293057
7	d2cj4a_A	0	1	142.427129
7	d2cj4a_A	2	4	-167.431821
7	d2cj4a_A	3	5	-168.746651
7	d2cj4a_A	4	5	-160.531060
7	d2cj4a_A	1	6	-84.958465
7	d2cj4a_A	2	6	-159.275205
7	d2cj4a_A	5	6	-158.251606
7	d2cvza1A	2	3	-25.122347
7	d2cvza1A	0	4	-119.005409
7	d2cvza1A	0	5	73.835590
7	d2cvza1A	4	5	-151.608266
7	d2cwqa1A	1	2	-123.456427
7	d2cwqa1A	3	4	-153.576204
7	d2cwqa1A	3	5	-46.140095
7	d2cxya_A	1	2	96.958258
7	d2cxya_A	4	5	94.497813
7	d2cxya_A	1	6	109.350973
7	d2f1ka1A	1	3	-128.987142
7	d2f1ka1A	1	5	-50.599287
7	d2fbna1A	0	1	-166.960486
7	d2fbna1A	0	2	25.488306
7	d2fbna1A	1	2	-153.677422
7	d2fbna1A	2	3	-153.268334
7	d2fbna1A	3	4	-147.604641
7	d2fbna1A	4	5	-152.732283
7	d2fbna1A	4	6	25.997304
7	d2fbna1A	5	6	-151.222562
7	d2fnoa1A	0	2	17.171539
7	d2fnoa1A	1	3	-35.978046
7	d2fnoa1A	2	3	-131.056656
7	d2fnoa1A	2	4	-98.253801
7	d2h5na1A	0	1	163.629419
7	d2h5na1A	0	2	-65.660472
7	d2h5na1A	0	3	-119.807544
7	d2h5na1A	0	4	-33.822287
7	d2h5na1A	1	4	154.094256
7	d2h5na1A	4	6	-111.083687
7	d2hkua2A	1	2	-141.677391
7	d2hkua2A	1	4	-101.470227
7	d2hkua2A	2	4	109.728750
7	d2hkua2A	0	5	133.175554
7	d2hkua2A	4	5	162.932517
7	d2i53a1A	1	2	151.431974
7	d2i53a1A	1	3	-43.184960
7	d2i53a1A	2	3	132.893480
7	d2i53a1A	3	6	-69.921196
7	d2ivxa1A	2	3	151.156962
7	d2ivxa1A	2	4	-45.395394
7	d2ivxa1A	3	4	133.658280
7	d2ivxa1A	2	5	119.727090
7	d2ivxa1A	4	5	137.777376
7	d2ivxa1A	4	6	-67.345577
7	d2nsza1A	0	1	167.367347
7	d2nsza1A	0	2	-47.972012
7	d2nsza1A	1	3	-54.758601
7	d2nsza1A	2	3	-158.922924
7	d2nsza1A	2	4	-31.131138
7	d2nsza1A	3	5	-36.819298
7	d2nsza1A	4	5	-156.273322
7	d2nuga1A	0	1	90.541384
7	d2nuga1A	1	5	159.004552
7	d2nuga1A	2	5	82.066646
7	d2nuga1A	4	5	71.220193
7	d2nuga1A	2	6	-60.534125
7	d2ouwa1A	1	3	14.795077
7	d2ouwa1A	4	5	-162.169327
7	d2r6sa_A	0	2	147.493439
7	d2r6sa_A	1	2	-121.513010
7	d2r6sa_A	2	4	-86.624713
7	d2r6sa_A	3	4	-74.662532
7	d2r7ga2A	1	2	130.188336
7	d2r7ga2A	2	3	142.224858
7	d2r7ga2A	2	5	-63.657108
7	d2r7ga2A	5	6	-55.285608
7	d2v3ia_A	2	3	-135.585062
7	d2w72b_B	1	2	146.111629
7	d2w72b_B	1	3	118.930327
7	d2w72b_B	1	5	122.209457
7	d2w72b_B	0	6	-92.512015
7	d2w72b_B	5	6	157.265127
7	d2wcja_A	1	2	133.138017
7	d2wcja_A	3	4	147.593005
7	d2wcja_A	2	5	84.864952
7	d2wcja_A	4	5	131.376476
7	d2wlva_A	0	1	-167.305620
7	d2wlva_A	1	6	163.794185
7	d2wlva_A	2	6	26.065235
7	d2wlva_A	3	6	135.119387
7	d2wtga_A	1	2	153.008956
7	d2wtga_A	1	3	95.905555
7	d2wtga_A	4	6	-63.029032
7	d2wtga_A	5	6	154.573574
7	d3a8gb_B	0	3	30.482451
7	d3a8gb_B	1	3	109.616606
7	d3bgea1A	0	1	-156.079238
7	d3bgea1A	0	2	-40.646800
7	d3bgea1A	2	3	-168.459138
7	d3bgea1A	1	4	150.447664
7	d3bgea1A	3	4	-167.990420
7	d3broa1A	1	3	-86.803579
7	d3broa1A	2	3	116.705608
7	d3broa1A	0	5	151.837663
7	d3broa1A	1	5	-102.922560
7	d3d3ba_A	0	2	-36.818190
7	d3d3ba_A	1	2	156.155599
7	d3d3ba_A	0	4	126.503813
7	d3d3ba_A	2	4	99.618317
7	d3d3ba_A	3	4	101.949440
7	d3d3ba_A	0	5	-54.177063
7	d3d3ba_A	4	5	170.752498
7	d3d3ba_A	4	6	-22.250288
7	d3d3ba_A	5	6	159.471396
7	d3eoja_A	1	2	137.604596
7	d3jw4a_A	1	5	149.735790
7	d3k69a_A	0	1	113.588424
7	d3k69a_A	0	2	-65.968737
7	d3k69a_A	0	3	126.856693
7	d3k69a_A	0	5	-79.809658
7	d3mkbb_B	1	2	120.236349
7	d3mkbb_B	1	5	122.516469
7	d3mkbb_B	0	6	-82.477024
7	d3mkbb_B	5	6	153.109243
8	d1alva_A	3	4	136.887384
8	d1alva_A	2	6	21.623393
8	d1alva_A	3	6	125.801251
8	d1bgfa_A	5	6	-158.443857
8	d1bgfa_A	0	7	47.037350
8	d1bgfa_A	4	7	-134.713258
8	d1cipa1A	1	2	-143.091434
8	d1cipa1A	1	3	39.147526
8	d1cipa1A	2	3	-131.183272
8	d1cipa1A	1	4	91.725391
8	d1cipa1A	3	4	-68.575426
8	d1cipa1A	1	5	-116.054560
8	d1d2zb_B	1	4	151.610645
8	d1d2zb_B	0	5	127.004844
8	d1d2zb_B	1	5	26.094672
8	d1d2zb_B	2	6	65.531762
8	d1d2zb_B	0	7	159.169174
8	d1d2zb_B	6	7	-150.718090
8	d1dvpa1A	0	1	-150.571105
8	d1dvpa1A	0	2	-30.009916
8	d1dvpa1A	0	3	124.377130
8	d1dvpa1A	1	3	-44.501479
8	d1dvpa1A	2	3	-153.666424
8	d1dvpa1A	3	6	9.405904
8	d1dvpa1A	5	6	-148.299154
8	d1dvpa1A	5	7	-30.806579
8	d1evya1A	0	1	154.504363
8	d1evya1A	0	2	-20.903423
8	d1evya1A	0	3	-42.372686
8	d1evya1A	0	5	-120.817513
8	d1evya1A	0	6	57.301008
8	d1evya1A	1	6	-105.735571
8	d1evya1A	5	6	-124.277974
8	d1evya1A	6	7	160.006791
8	d1eyha_A	0	2	-31.749139
8	d1eyha_A	1	3	-53.466634
8	d1eyha_A	2	3	-144.431789
8	d1eyha_A	2	4	-40.624458
8	d1eyha_A	3	6	18.957438
8	d1eyha_A	5	6	-151.191527
8	d1fkma1A	1	2	-116.966848
8	d1fkma1A	3	5	82.845855
8	d1fkma1A	4	5	139.272712
8	d1fkma1A	2	6	-132.845130
8	d1fkma1A	3	7	90.386810
8	d1fkma1A	5	7	-43.189964
8	d1fkma1A	6	7	134.471800
8	d1fkma2A	0	2	129.488895
8	d1fkma2A	0	4	-47.440500
8	d1fkma2A	3	4	137.209516
8	d1fkma2A	2	6	-15.614288
8	d1fkma2A	4	7	117.960062
8	d1gtea1A	4	5	-167.068039
8	d1gtea1A	4	7	62.741144
8	d1gtea1A	5	7	-107.855632
8	d1gtea1A	6	7	-144.931885
8	d1gwca1A	1	2	-147.707203
8	d1gwca1A	5	6	-75.191628
8	d1gwca1A	4	7	-60.243599
8	d1h2ka_A	1	3	-113.942633
8	d1h2ka_A	0	4	-50.898268
8	d1h2ka_A	6	7	114.603238
8	d1h6ka2A	0	1	160.907679
8	d1h6ka2A	0	2	-64.903067
8	d1h6ka2A	1	3	-58.277827
8	d1h6ka2A	2	3	-169.743821
8	d1h6ka2A	2	4	-44.903419
8	d1h6ka2A	3	5	-47.652013
8	d1h6ka2A	5	6	-42.971677
8	d1he1a_A	1	3	-151.011317
8	d1he1a_A	3	4	-144.710349
8	d1he1a_A	3	5	-127.827682
8	d1he1a_A	1	7	-145.315963
8	d1he1a_A	4	7	-165.783698
8	d1iega_A	1	3	92.602125
8	d1ihga1A	0	1	-167.457464
8	d1ihga1A	0	3	22.231127
8	d1ihga1A	1	3	-150.439286
8	d1ihga1A	3	4	-162.236887
8	d1ihga1A	3	5	25.559055
8	d1ihga1A	4	5	-155.737091
8	d1ihga1A	5	6	-161.601763
8	d1ihga1A	6	7	-156.144130
8	d1j77a_A	1	3	-153.505144
8	d1j77a_A	4	6	-164.743826
8	d1j77a_A	0	7	-8.136430
8	d1j77a_A	1	7	150.114150
8	d1j77a_A	4	7	-58.148056
8	d1ja1a1A	0	5	35.979719
8	d1jkva_A	1	2	-156.145978
8	d1jkva_A	3	4	144.743923
8	d1jkva_A	1	6	-163.316647
8	d1jkva_A	2	6	25.820693
8	d1jkva_A	2	7	-161.990979
8	d1jkva_A	6	7	-157.344424
8	d1k6ka_A	0	1	121.411352
8	d1k6ka_A	1	3	-145.462899
8	d1k6ka_A	1	5	-144.943072
8	d1k6ka_A	2	5	-63.651307
8	d1k6ka_A	4	5	120.650897
8	d1k6ka_A	3	6	153.437383
8	d1k94a_A	0	1	145.741755
8	d1k94a_A	0	3	131.105168
8	d1k94a_A	2	3	120.405891
8	d1k94a_A	2	6	21.225320
8	d1k94a_A	3	6	120.089740
8	d1khya_A	0	1	118.003983
8	d1khya_A	1	3	-143.595503
8	d1khya_A	1	5	-141.341163
8	d1khya_A	4	5	118.850054
8	d1khya_A	3	6	150.477687
8	d1khya_A	5	6	-96.083636
8	d1khya_A	5	7	-170.961926
8	d1klxa_A	0	1	-147.959385
8	d1klxa_A	0	2	21.942858
8	d1klxa_A	2	3	-132.548407
8	d1klxa_A	3	4	-163.357517
8	d1klxa_A	4	5	-134.943857
8	d1klxa_A	5	6	-162.365434
8	d1klxa_A	6	7	-131.010999
8	d1kxpd1D	0	1	127.456850
8	d1kxpd1D	1	2	136.764766
8	d1kxpd1D	2	3	167.100102
8	d1kxpd1D	1	5	-34.974946
8	d1kxpd1D	5	6	145.074784
8	d1kxpd1D	6	7	-174.391964
8	d1mtyg_G	0	2	-16.313440
8	d1mtyg_G	1	2	-154.546816
8	d1mtyg_G	4	5	163.534662
8	d1mtyg_G	4	6	-3.806822
8	d1mtyg_G	5	6	-163.583111
8	d1n81a_A	0	2	132.425486
8	d1n81a_A	0	3	-42.388089
8	d1n81a_A	2	3	115.838327
8	d1n81a_A	0	4	165.614489
8	d1n81a_A	4	6	139.197695
8	d1n81a_A	3	7	-169.420820
8	d1n81a_A	4	7	-45.352343
8	d1n81a_A	6	7	118.640889
8	d1oyja1A	0	1	-165.178147
8	d1oyja1A	0	2	-10.776306
8	d1oyja1A	1	3	-133.741962
8	d1oyja1A	3	7	-53.543060
8	d1pfva1A	0	5	-142.957571
8	d1pfva1A	1	5	-4.498104
8	d1pfva1A	3	5	-177.050700
8	d1qhda1A	0	1	-134.172191
8	d1qhda1A	0	2	-151.342116
8	d1qhda1A	1	2	52.818143
8	d1qhda1A	5	7	89.327827
8	d1r4va_A	1	4	-73.694016
8	d1r4va_A	1	6	122.184833
8	d1r4va_A	3	6	106.690805
8	d1r4va_A	4	6	92.698158
8	d1r4va_A	1	7	-7.998402
8	d1r4va_A	6	7	119.338250
8	d1rxqa_A	2	3	132.465390
8	d1rxqa_A	2	4	119.122169
8	d1rxqa_A	3	4	-68.746211
8	d1rxqa_A	0	5	-169.736536
8	d1rxqa_A	2	5	26.252661
8	d1ssqa_A	0	1	-148.786863
8	d1ssqa_A	2	3	146.321868
8	d1ssqa_A	3	6	70.257119
8	d1ssqa_A	4	6	156.589450
8	d1ssqa_A	5	6	-60.694529
8	d1ssqa_A	6	7	-171.081688
8	d1txga1A	0	1	159.832671
8	d1txga1A	0	3	-40.028079
8	d1txga1A	3	4	130.801084
8	d1txga1A	0	6	56.927161
8	d1txga1A	1	6	-108.570526
8	d1txga1A	5	6	-125.893559
8	d1txga1A	0	7	-116.350543
8	d1txga1A	6	7	-173.276604
8	d1vh4a_A	1	4	-146.474758
8	d1wbea_A	0	1	-150.229320
8	d1wbea_A	1	3	-137.519710
8	d1wbea_A	3	4	144.335550
8	d1wbea_A	4	5	156.738211
8	d1wbea_A	3	7	-141.519257
8	d1x46a_A	1	2	-109.924845
8	d1x46a_A	1	4	103.100087
8	d1x46a_A	1	6	121.907365
8	d1x46a_A	0	7	-98.975164
8	d1y1xa_A	1	2	115.809512
8	d1y1xa_A	0	3	86.367391
8	d1y1xa_A	4	5	113.146630
8	d1y1xa_A	2	6	37.240995
8	d1z3xa2A	1	4	-176.228908
8	d1z3xa2A	3	7	-13.764837
8	d1z67a1A	1	5	138.715667
8	d1z67a1A	1	6	-84.530855
8	d1z67a1A	4	6	89.955389
8	d1za0a1A	1	2	-144.427100
8	d1za0a1A	0	4	144.009439
8	d1za0a1A	3	4	-152.731873
8	d1za0a1A	3	5	-43.790255
8	d1za0a1A	1	6	-119.594178
8	d1za0a1A	3	7	127.100306
8	d2ae0x1X	0	1	-151.343248
8	d2ae0x1X	3	5	160.581702
8	d2bs2b1B	0	4	-42.677918
8	d2bs2b1B	1	4	-163.908080
8	d2bs2b1B	4	7	72.347997
8	d2ccma_A	1	2	151.349907
8	d2ccma_A	0	3	125.730089
8	d2ccma_A	2	4	-153.977089
8	d2ccma_A	5	6	136.745471
8	d2ccma_A	4	7	126.303522
8	d2ff4a2A	0	1	-165.181313
8	d2ff4a2A	0	2	32.172560
8	d2ff4a2A	2	3	-154.576162
8	d2ff4a2A	2	4	16.980573
8	d2ff4a2A	3	4	-147.216636
8	d2ff4a2A	4	5	-163.104935
8	d2ff4a2A	4	6	14.711163
8	d2ff4a2A	5	6	-148.477675
8	d2ff4a2A	0	7	-126.142058
8	d2fp1a_A	0	3	-41.188494
8	d2fp1a_A	1	3	-52.906419
8	d2fp1a_A	0	4	-159.194377
8	d2fp1a_A	3	4	142.049504
8	d2fp1a_A	0	6	-49.014295
8	d2fp1a_A	0	7	122.492787
8	d2fp1a_A	3	7	158.411399
8	d2g03a1A	0	1	119.938107
8	d2g03a1A	2	3	-168.704141
8	d2g03a1A	1	4	125.419818
8	d2g03a1A	3	4	159.569288
8	d2g03a1A	3	6	123.676522
8	d2g03a1A	5	6	-144.695134
8	d2g03a1A	0	7	150.929233
8	d2gkma_A	2	3	132.201806
8	d2gkma_A	2	5	130.147149
8	d2gkma_A	5	6	151.013939
8	d2gz4a1A	1	2	146.662509
8	d2gz4a1A	1	5	121.856149
8	d2gz4a1A	5	6	167.007151
8	d2gz4a1A	0	7	144.648422
8	d2gz4a1A	1	7	38.000344
8	d2gz4a1A	2	7	-157.365947
8	d2h2za_A	2	5	24.638591
8	d2h2za_A	2	6	101.129923
8	d2itba1A	2	3	-158.315687
8	d2itba1A	4	5	141.908258
8	d2itba1A	3	6	-169.848563
8	d2itba1A	5	6	-159.010558
8	d2itba1A	5	7	-43.686230
8	d2nrla_A	2	3	-116.655548
8	d2nrla_A	2	4	107.690365
8	d2nrla_A	4	5	-145.543244
8	d2nrla_A	2	6	124.158452
8	d2nrla_A	0	7	-123.026766
8	d2nrla_A	5	7	-59.581922
8	d2oc5a1A	0	1	-167.816285
8	d2oc5a1A	0	2	-18.895496
8	d2oc5a1A	2	3	154.346340
8	d2oc5a1A	3	5	-93.932881
8	d2oc5a1A	4	6	139.055479
8	d2oqma1A	1	4	-162.987524
8	d2oqma1A	3	4	10.333869
8	d2oqma1A	1	6	9.927504
8	d2oqma1A	1	7	135.003112
8	d2ou3a1A	1	3	-23.449918
8	d2ou3a1A	2	3	165.964816
8	d2ou3a1A	1	4	-169.364627
8	d2ou3a1A	1	5	-57.867822
8	d2ou3a1A	2	5	130.506701
8	d2ou3a1A	5	6	165.151226
8	d2ou3a1A	5	7	-51.963199
8	d2ox6a1A	1	2	108.166397
8	d2ox6a1A	3	5	-44.397012
8	d2p1aa1A	1	2	109.137253
8	d2p1aa1A	3	4	163.764409
8	d2p1aa1A	0	5	-177.355989
8	d2p1aa1A	3	5	37.869381
8	d2p1aa1A	0	7	22.541599
8	d2p1aa1A	2	7	-163.549036
8	d2p1aa1A	3	7	154.068304
8	d2pbka_A	1	2	92.107191
8	d2pbka_A	4	5	151.302617
8	d2pv7a1A	1	3	-106.885613
8	d2qrwa_A	1	3	143.439458
8	d2qrwa_A	3	4	-124.459914
8	d2qrwa_A	1	6	131.600690
8	d2qrwa_A	6	7	164.329089
8	d2v09a_A	6	7	121.871403
8	d2zkmx1X	1	2	128.169201
8	d2zkmx1X	2	3	136.684519
8	d2zkmx1X	5	6	103.923083
8	d3b7sa1A	0	1	-40.516591
8	d3b7sa1A	1	3	21.863239
8	d3b7sa1A	2	3	-149.119592
8	d3b7sa1A	3	4	-136.144897
8	d3b7sa1A	3	5	11.506909
8	d3b7sa1A	4	5	-144.508876
8	d3b7sa1A	4	6	-26.194927
8	d3b7sa1A	5	6	-132.628011
8	d3b7sa1A	5	7	-23.746688
8	d3efza1A	1	2	-166.482277
8	d3efza1A	1	3	19.875797
8	d3efza1A	3	4	-157.545779
8	d3efza1A	3	5	19.340320
8	d3efza1A	5	6	-165.638051
8	d3efza1A	5	7	20.759745
8	d3efza1A	6	7	-144.932497
8	d3g2sa_A	0	1	-154.754150
8	d3g2sa_A	0	2	-32.074090
8	d3g2sa_A	1	3	-48.595115
8	d3g2sa_A	2	4	-47.565070
8	d3g2sa_A	2	5	-3.070553
8	d3g2sa_A	3	6	10.192788
8	d3g2sa_A	5	7	-19.486038
8	d3g2sa_A	6	7	-132.778866
8	d3g46a_A	2	3	107.129334
8	d3g46a_A	3	4	-151.563949
8	d3g46a_A	2	6	131.391527
8	d3g46a_A	0	7	-165.496445
8	d3g46a_A	1	7	-107.192140
8	d3hhtb_B	0	3	38.861867
8	d3hhtb_B	1	3	107.695451
8	d3l0fa_A	2	3	126.244682
8	d3l0fa_A	3	4	141.974025
8	d3l0fa_A	2	6	130.633963
8	d3l0fa_A	1	7	-92.718530
8	d3l0fa_A	3	7	123.589544
8	d3l0fa_A	6	7	-173.782367
8	d3olla_A	1	2	125.122115
8	d3olla_A	0	4	83.391084
8	d3olla_A	2	4	142.372648
8	d3olla_A	4	5	-163.044650
8	d3olla_A	2	6	100.783967
8	d3olla_A	3	6	-162.942202
8	d3olla_A	4	6	-53.863880
8	d3olla_A	1	7	85.419300
8	d3pt8a_A	1	4	101.942862
8	d3pt8a_A	1	6	120.923871
8	d3pt8a_A	5	7	-60.234832
8	d3pt8a_A	6	7	165.591854
9	d1ah7a_A	0	1	-153.421243
9	d1ah7a_A	2	4	-41.934962
9	d1ah7a_A	3	4	-157.534138
9	d1ah7a_A	0	8	-51.428432
9	d1ah7a_A	5	8	-73.558267
9	d1ah7a_A	6	8	160.994284
9	d1auib_B	0	4	122.633047
9	d1auib_B	6	7	135.283550
9	d1auib_B	5	8	110.544467
9	d1ca1a1A	0	2	129.581306
9	d1ca1a1A	2	4	-40.412323
9	d1ca1a1A	3	4	-159.890665
9	d1ca1a1A	0	8	-58.740113
9	d1ca1a1A	6	8	-58.225384
9	d1ca1a1A	7	8	172.632246
9	d1elka_A	0	1	-158.572755
9	d1elka_A	0	2	-30.555880
9	d1elka_A	1	3	-49.102452
9	d1elka_A	2	4	-45.234700
9	d1elka_A	2	5	22.730522
9	d1elka_A	5	6	-13.033154
9	d1elka_A	3	7	15.872407
9	d1elka_A	7	8	-121.471688
9	d1f20a1A	1	2	126.001255
9	d1f5na1A	1	2	153.015409
9	d1f5na1A	4	5	159.214696
9	d1f5na1A	2	7	-10.104853
9	d1fcya_A	1	2	128.592493
9	d1fcya_A	3	4	128.143556
9	d1fcya_A	0	5	93.935922
9	d1fcya_A	2	5	139.681273
9	d1fcya_A	0	6	-91.170249
9	d1fcya_A	5	6	-161.879232
9	d1fcya_A	2	7	97.152948
9	d1fcya_A	4	7	-162.594741
9	d1fcya_A	1	8	64.252118
9	d1j09a1A	1	2	105.184208
9	d1j09a1A	4	5	100.074604
9	d1j09a1A	4	6	-99.616098
9	d1j09a1A	5	6	124.442092
9	d1j09a1A	6	7	41.456281
9	d1knca_A	2	3	-157.863340
9	d1knca_A	2	6	-33.285816
9	d1knca_A	4	6	-42.711483
9	d1knca_A	4	7	129.360153
9	d1knca_A	6	7	-151.928252
9	d1knca_A	1	8	-137.959515
9	d1knca_A	2	8	-41.257066
9	d1knca_A	6	8	-49.790080
9	d1m45a_A	1	2	108.857457
9	d1m45a_A	1	3	-68.563650
9	d1m45a_A	6	7	134.561078
9	d1m45a_A	5	8	143.966302
9	d1n5ua3A	0	1	128.596973
9	d1n5ua3A	1	2	134.703615
9	d1n5ua3A	2	3	166.472096
9	d1n5ua3A	3	5	75.884444
9	d1n5ua3A	1	6	-30.132961
9	d1n5ua3A	2	6	119.600081
9	d1n5ua3A	7	8	170.402791
9	d1np3a1A	1	2	148.930151
9	d1np3a1A	0	5	141.739904
9	d1otka_A	0	1	-158.171620
9	d1otka_A	0	3	-148.585533
9	d1otka_A	1	3	44.491847
9	d1otka_A	3	4	-141.277011
9	d1otka_A	3	7	140.812652
9	d1otka_A	4	7	-19.609210
9	d1pq9a_A	1	2	121.930718
9	d1pq9a_A	1	3	-106.727608
9	d1pq9a_A	3	4	145.728987
9	d1pq9a_A	0	5	90.887526
9	d1pq9a_A	2	5	144.298462
9	d1pq9a_A	5	6	-160.770636
9	d1pq9a_A	2	7	98.048010
9	d1pq9a_A	4	7	-160.635571
9	d1pq9a_A	1	8	59.204508
9	d1qv0a_A	1	2	4.681539
9	d1qv0a_A	1	3	149.740891
9	d1qv0a_A	3	5	-161.188149
9	d1qv0a_A	6	7	128.284646
9	d1qv0a_A	5	8	138.440386
9	d1rqba1A	0	1	123.789935
9	d1rqba1A	1	2	122.141367
9	d1rqba1A	5	6	99.312411
9	d1rz4a2A	0	1	-135.271738
9	d1rz4a2A	1	2	-140.226150
9	d1rz4a2A	1	3	44.918248
9	d1rz4a2A	2	3	-143.005348
9	d1rz4a2A	3	4	-148.443147
9	d1rz4a2A	3	6	5.845192
9	d1rz4a2A	6	7	-157.954240
9	d1sk7a_A	2	4	-154.825295
9	d1sk7a_A	1	8	8.499782
9	d1sk7a_A	2	8	148.503425
9	d1sk7a_A	5	8	-50.494100
9	d1xg0c_C	3	4	128.336404
9	d1xg0c_C	2	7	128.056203
9	d1xg0c_C	3	7	139.841025
9	d1xg0c_C	2	8	-54.439737
9	d1xg0c_C	4	8	135.320543
9	d1xg0c_C	7	8	172.304220
9	d1xkpa1A	1	3	-62.363596
9	d1xkpa1A	0	4	41.078110
9	d1xkpa1A	3	4	-140.685697
9	d1xkpa1A	5	7	-46.339910
9	d1xkpa1A	7	8	-157.004284
9	d1y9ia_A	1	2	117.628077
9	d1y9ia_A	0	3	47.742189
9	d1y9ia_A	1	6	110.888480
9	d1y9ia_A	1	8	-58.737419
9	d1y9ia_A	2	8	115.318677
9	d1y9ia_A	5	8	-22.155288
9	d1yfsa1A	0	1	114.676751
9	d1yfsa1A	1	2	-145.715781
9	d1yfsa1A	0	3	156.077050
9	d1yfsa1A	2	4	-64.594487
9	d1yfsa1A	5	7	-56.327692
9	d1zcba1A	1	2	-123.156730
9	d1zcba1A	2	4	-147.482480
9	d1zcba1A	1	5	93.441224
9	d1zcba1A	1	6	-109.325178
9	d2a72a_A	1	2	-104.778516
9	d2a72a_A	2	3	-140.496183
9	d2a72a_A	3	4	-173.789656
9	d2dwka_A	0	1	-157.066736
9	d2dwka_A	1	4	122.689171
9	d2dwka_A	2	4	44.550323
9	d2dwka_A	3	4	142.866954
9	d2dwka_A	2	5	91.226921
9	d2dwka_A	4	5	117.672826
9	d2dwka_A	0	7	6.650517
9	d2fm9a1A	0	2	79.030902
9	d2fm9a1A	2	3	-163.941207
9	d2fm9a1A	5	7	143.767721
9	d2fm9a1A	2	8	-154.786134
9	d2fm9a1A	3	8	20.676653
9	d2fm9a1A	4	8	123.469786
9	d2fm9a1A	7	8	153.869303
9	d2g5da1A	0	1	-126.393208
9	d2g5da1A	0	2	60.672869
9	d2g5da1A	4	6	147.108913
9	d2gmya1A	2	3	-152.656271
9	d2gmya1A	3	4	158.123501
9	d2gmya1A	2	5	-38.734710
9	d2gmya1A	5	7	-144.519655
9	d2gmya1A	1	8	-148.625609
9	d2gmya1A	2	8	-37.823647
9	d2gmya1A	5	8	-50.053817
9	d2ilka_A	2	3	-126.993032
9	d2ilka_A	0	5	-162.681332
9	d2jg6a_A	0	2	71.361902
9	d2jg6a_A	1	5	151.382489
9	d2jg6a_A	3	5	-118.624483
9	d2jg6a_A	5	6	91.017505
9	d2jg6a_A	1	8	136.781167
9	d2jg6a_A	7	8	109.054392
9	d2o8pa1A	0	1	-157.004801
9	d2o8pa1A	4	5	-162.826346
9	d2o8pa1A	4	6	38.414031
9	d2o8pa1A	5	6	-135.735601
9	d2o8pa1A	6	7	-150.213523
9	d2o8pa1A	7	8	-166.701309
9	d2odeb_B	1	2	-106.625658
9	d2odeb_B	2	3	-142.278674
9	d2odeb_B	3	4	-166.026114
9	d2odeb_B	3	6	-139.779062
9	d2odeb_B	5	6	-145.691380
9	d2odeb_B	2	7	101.190014
9	d2para_A	1	2	160.010182
9	d2para_A	4	5	162.970475
9	d2para_A	1	6	121.723639
9	d2para_A	6	7	-152.762044
9	d2para_A	1	8	110.415458
9	d2para_A	6	8	-24.582688
9	d2pv4a1A	0	1	138.689264
9	d2pv4a1A	0	4	-48.036570
9	d2pv4a1A	1	4	135.734261
9	d2pv4a1A	1	6	-67.255225
9	d2q0zx1X	0	2	130.444837
9	d2q0zx1X	2	3	-92.932207
9	d2q0zx1X	3	4	-153.204697
9	d2q4xa_A	2	3	-152.901823
9	d2q4xa_A	2	4	-4.272278
9	d2q4xa_A	5	7	-148.421955
9	d2q4xa_A	1	8	36.265064
9	d2q4xa_A	4	8	-156.311333
9	d2q4xa_A	5	8	-34.217675
9	d2scpa_A	1	2	161.334983
9	d2scpa_A	0	3	128.145689
9	d2scpa_A	2	5	-164.236131
9	d2scpa_A	1	6	133.330154
9	d2scpa_A	6	7	125.758397
9	d2scpa_A	5	8	132.390501
9	d2v8ta_A	2	3	-152.780884
9	d2v8ta_A	2	5	-164.830246
9	d2v8ta_A	5	6	-155.469893
9	d2v8ta_A	6	7	-58.539502
9	d2xola_A	0	1	-131.497846
9	d2xola_A	0	5	-157.233216
9	d2xola_A	4	5	16.105583
9	d2xola_A	5	6	-162.891392
9	d2xola_A	7	8	-148.684088
9	d2z16a_A	0	1	161.277777
9	d2z16a_A	2	3	171.259526
9	d2z16a_A	3	7	36.937732
9	d2z16a_A	4	7	-153.982071
9	d2z16a_A	5	7	-58.218116
9	d2z16a_A	0	8	25.889793
9	d2z16a_A	6	8	-43.812431
9	d2z16a_A	7	8	-151.095381
9	d3c1la_A	3	4	-147.099098
9	d3c1la_A	4	5	154.713555
9	d3c1la_A	3	6	-40.964938
9	d3c1la_A	3	8	-43.245266
9	d3juia_A	0	1	163.085721
9	d3juia_A	0	2	-48.180746
9	d3juia_A	2	3	149.935699
9	d3juia_A	2	4	-40.619639
9	d3juia_A	3	5	-26.943321
9	d3juia_A	4	6	-50.859674
9	d3juia_A	5	6	150.638146
9	d3juia_A	5	8	-25.777950
9	d3juia_A	6	8	-139.386907
10	d1boua_A	4	5	148.915395
10	d1boua_A	8	9	108.617550
10	d1dk8a_A	2	3	-131.707520
10	d1dk8a_A	3	4	-161.166494
10	d1dk8a_A	4	6	-147.962962
10	d1dk8a_A	3	7	-142.671614
10	d1dk8a_A	2	8	102.199062
10	d1gxma_A	0	2	-59.535500
10	d1gxma_A	1	3	36.810055
10	d1gxma_A	2	3	-149.128667
10	d1gxma_A	0	4	-76.983027
10	d1gxma_A	2	4	25.267133
10	d1gxma_A	4	5	-145.265107
10	d1gxma_A	4	6	17.127642
10	d1gxma_A	5	6	-129.443667
10	d1gxma_A	6	7	-150.263825
10	d1hh8a_A	0	1	-168.286950
10	d1hh8a_A	1	2	-150.350637
10	d1hh8a_A	2	3	-162.741114
10	d1hh8a_A	2	4	16.185316
10	d1hh8a_A	3	4	-158.651668
10	d1hh8a_A	4	5	-165.246718
10	d1hh8a_A	4	6	20.560624
10	d1hh8a_A	5	6	-161.968928
10	d1hh8a_A	6	7	-166.652295
10	d1hh8a_A	6	8	18.433803
10	d1hh8a_A	7	8	-155.273527
10	d1iapa_A	2	3	-166.940178
10	d1iapa_A	2	5	-150.532928
10	d1iapa_A	1	6	102.454711
10	d1iapa_A	1	8	23.748359
10	d1iapa_A	1	9	167.934039
10	d1iapa_A	2	9	31.974548
10	d1ku1a_A	0	1	-154.979534
10	d1ku1a_A	2	4	-53.553172
10	d1ku1a_A	5	7	-70.234724
10	d1ku1a_A	6	7	121.394406
10	d1ku1a_A	5	9	-34.019590
10	d1ku1a_A	7	9	-36.508618
10	d1ku1a_A	8	9	125.166532
10	d1kxpd2D	1	2	141.704254
10	d1kxpd2D	2	3	-174.938551
10	d1kxpd2D	3	5	67.873422
10	d1kxpd2D	1	7	-45.969376
10	d1kxpd2D	1	8	124.377717
10	d1kxpd2D	8	9	169.067487
10	d1mpga1A	0	4	165.811253
10	d1mpga1A	2	4	-134.119263
10	d1mpga1A	3	4	122.961538
10	d1mpga1A	0	6	148.511659
10	d1mpga1A	7	9	73.925456
10	d1n1ba1A	2	3	-144.537714
10	d1n1ba1A	2	5	50.902739
10	d1n1ba1A	5	6	24.012896
10	d1n1ba1A	6	7	-134.970250
10	d1n1ba1A	6	8	23.151422
10	d1n45a_A	1	2	-65.038106
10	d1n45a_A	3	5	-150.053264
10	d1n45a_A	3	6	-14.632197
10	d1n45a_A	0	8	104.441167
10	d1n45a_A	7	8	-161.708593
10	d1n45a_A	0	9	-39.452967
10	d1n45a_A	1	9	6.001853
10	d1n45a_A	6	9	-164.260055
10	d1n5ua1A	0	1	121.201340
10	d1n5ua1A	0	2	-100.411132
10	d1n5ua1A	1	2	134.151675
10	d1n5ua1A	1	3	-55.294551
10	d1n5ua1A	3	5	63.872588
10	d1n5ua1A	1	7	-38.005613
10	d1n5ua1A	7	8	141.924211
10	d1n5ua1A	8	9	170.829589
10	d1ntya1A	0	2	-135.047225
10	d1ntya1A	0	3	-166.156167
10	d1ntya1A	2	3	-32.679786
10	d1ntya1A	1	5	-116.626813
10	d1ntya1A	4	9	34.809959
10	d1ntya1A	8	9	-146.073321
10	d1o0wa1A	0	1	95.786639
10	d1o0wa1A	3	8	79.369684
10	d1osha_A	1	2	116.678221
10	d1osha_A	2	4	-78.169283
10	d1osha_A	0	5	91.101936
10	d1osha_A	2	5	150.989471
10	d1osha_A	5	6	-165.515104
10	d1osha_A	2	8	97.274353
10	d1osha_A	1	9	63.556353
10	d1pbwa_A	1	3	-151.406768
10	d1pbwa_A	4	5	153.855157
10	d1pbwa_A	1	6	1.412707
10	d1pbwa_A	5	9	-82.994019
10	d1pbwa_A	8	9	125.313071
10	d1r8se_E	0	1	-155.532696
10	d1r8se_E	2	4	-56.412569
10	d1r8se_E	4	6	-37.256913
10	d1r8se_E	5	6	123.458560
10	d1r8se_E	5	7	-71.679554
10	d1r8se_E	6	7	128.138521
10	d1r8se_E	7	8	149.426611
10	d1r8se_E	7	9	-37.461367
10	d1r8se_E	8	9	127.032086
10	d1s6ca_A	2	3	134.610710
10	d1s6ca_A	1	4	126.724990
10	d1s6ca_A	3	6	-121.094709
10	d1s6ca_A	6	7	137.610439
10	d1s6ca_A	5	8	124.562379
10	d1s6ca_A	7	9	-113.651557
10	d1w2ya_A	0	2	-82.511281
10	d1w2ya_A	1	2	-168.786895
10	d1w2ya_A	0	3	123.955487
10	d1w2ya_A	1	5	-161.741333
10	d1w2ya_A	2	6	-161.711148
10	d1w2ya_A	5	6	-157.876990
10	d1w2ya_A	0	7	14.882406
10	d1w2ya_A	2	7	-79.277304
10	d1w2ya_A	7	8	129.845194
10	d1w2ya_A	7	9	-50.497374
10	d1w2ya_A	8	9	132.813580
10	d1wzda_A	3	4	-158.232030
10	d1wzda_A	3	6	-9.504567
10	d1wzda_A	3	7	-152.992491
10	d1wzda_A	7	8	-160.696297
10	d1wzda_A	0	9	-38.112306
10	d1wzda_A	1	9	16.624483
10	d1wzda_A	3	9	156.774791
10	d1wzda_A	6	9	-154.756787
10	d2a2ma1A	3	5	-11.210990
10	d2a2ma1A	0	6	-63.798662
10	d2a2ma1A	3	6	-152.271617
10	d2a2ma1A	6	7	-136.963486
10	d2a2ma1A	6	8	-148.815068
10	d2a2ma1A	0	9	-49.427060
10	d2a2ma1A	1	9	8.873560
10	d2a2ma1A	5	9	-159.120663
10	d2a2ma1A	6	9	-45.685544
10	d2dfka1A	3	4	149.545356
10	d2dfka1A	0	8	-167.720540
10	d2dfka1A	4	9	33.272357
10	d2dfka1A	8	9	-148.507050
10	d2e2ra_A	1	2	125.356397
10	d2e2ra_A	0	5	92.877920
10	d2e2ra_A	2	5	144.185957
10	d2e2ra_A	5	6	-164.708679
10	d2e2ra_A	6	7	128.492862
10	d2e2ra_A	2	8	102.737105
10	d2e2ra_A	4	8	-159.051307
10	d2e2ra_A	1	9	81.039014
10	d2grrb_B	1	4	64.647090
10	d2grrb_B	2	4	-38.754458
10	d2grrb_B	3	4	-169.916773
10	d2grrb_B	3	6	107.822653
10	d2grrb_B	6	9	16.897535
10	d2grrb_B	7	9	-146.337823
10	d2hpsa_A	1	2	151.618337
10	d2hpsa_A	0	3	123.876640
10	d2hpsa_A	1	5	31.289558
10	d2hpsa_A	5	6	116.737832
10	d2hpsa_A	6	7	127.320815
10	d2hpsa_A	7	9	-158.020144
10	d2hpsa_A	8	9	-81.374488
10	d2jeka1A	1	5	24.215462
10	d2jeka1A	4	7	-89.221850
10	d2jeka1A	5	8	28.963437
10	d2jeka1A	7	8	-140.406848
10	d2jeka1A	7	9	-33.345639
10	d2o70a1A	1	2	142.231802
10	d2o70a1A	7	8	27.600528
10	d2o70a1A	3	9	151.332784
10	d2o70a1A	4	9	56.150632
10	d2ofka_A	0	2	97.247473
10	d2ofka_A	1	3	116.650373
10	d2ofka_A	1	6	155.988136
10	d2ofka_A	4	6	-121.119742
10	d2ofka_A	5	6	135.641271
10	d2ofka_A	1	7	63.530415
10	d2ofka_A	1	9	137.113271
10	d2ofka_A	8	9	110.058370
10	d2oyoa1A	3	4	-146.370311
10	d2oyoa1A	3	6	-40.148464
10	d2oyoa1A	2	8	-141.310487
10	d2oyoa1A	3	8	-39.301961
10	d2oyoa1A	6	8	-49.078480
10	d2pnwa1A	0	1	-125.833000
10	d2pnwa1A	4	6	147.439791
10	d2pq7a1A	2	3	163.741490
10	d2pq7a1A	3	6	-44.723813
10	d2pq7a1A	5	6	169.235267
10	d2pq7a1A	2	7	129.630123
10	d2qgsa1A	0	2	-9.455774
10	d2qgsa1A	1	2	160.218840
10	d2qgsa1A	0	3	155.401479
10	d2qgsa1A	2	4	-39.338405
10	d2qgsa1A	1	5	131.139017
10	d2qgsa1A	2	5	-38.224948
10	d2qgsa1A	6	8	133.632600
10	d2qgsa1A	6	9	-53.302343
10	d2r7ga1A	1	3	59.593482
10	d2r7ga1A	2	3	141.581383
10	d2r7ga1A	2	5	-31.764865
10	d2r7ga1A	3	5	126.487965
10	d2r7ga1A	2	6	121.321572
10	d2r7ga1A	5	6	139.796129
10	d2r7ga1A	5	7	-71.651244
10	d2r7ga1A	7	8	-154.226726
10	d2sqca2A	0	1	-155.138767
10	d2sqca2A	0	2	42.202998
10	d2sqca2A	1	2	-140.889343
10	d2sqca2A	2	3	-143.952822
10	d2sqca2A	5	7	-144.912303
10	d2sqca2A	5	8	25.585746
10	d2sqca2A	8	9	-139.964775
10	d2zfda1A	2	3	125.632601
10	d2zfda1A	1	4	120.712872
10	d2zfda1A	3	5	120.787704
10	d2zfda1A	6	7	131.341482
10	d2zfda1A	5	8	121.784498
10	d3bpza_A	0	1	160.898460
10	d3bpza_A	6	8	158.166080
10	d3bpza_A	7	9	-118.697173
10	d3bqoa_A	0	1	-152.613727
10	d3bqoa_A	0	2	33.466629
10	d3bqoa_A	1	2	-143.956895
10	d3bqoa_A	2	3	-155.766051
10	d3bqoa_A	3	4	-162.011601
10	d3bqoa_A	4	5	150.899550
10	d3bqoa_A	2	8	-152.901600
10	d3bqoa_A	0	9	-78.545932
10	d3cx8b_B	3	4	-162.051422
10	d3cx8b_B	2	6	83.334077
10	d3cx8b_B	3	6	-135.752742
10	d3cx8b_B	2	7	22.894345
10	d3cx8b_B	3	9	35.705882
10	d3iqua_A	0	1	-160.397324
10	d3iqua_A	2	3	-158.878338
10	d3iqua_A	3	5	-161.328803
10	d3iqua_A	5	6	-154.360394
10	d3iqua_A	5	7	21.080146
10	d3iqua_A	6	7	-149.992875
10	d3iqua_A	7	8	-163.172185
10	d3iqua_A	7	9	9.589007
10	d3iqua_A	8	9	-153.594966
