3	d1a62a1A	0	2	3.000000
3	d1a62a1A	1	2	4.000000
3	d1a6qa1A	0	2	5.000000
3	d1a8da1A	0	2	3.000000
3	d1b67a_A	1	2	3.000000
3	d1b6aa1A	0	2	4.000000
3	d1cmba_A	0	1	3.000000
3	d1coja1A	1	2	12.000000
3	d1cuka1A	0	1	3.000000
3	d1cuka1A	0	2	5.000000
3	d1cuna2A	0	1	8.000000
3	d1cuna2A	0	2	10.000000
3	d1dp7p_P	1	2	4.000000
3	d1e3oc1C	0	2	5.000000
3	d1e7la1A	0	1	4.000000
3	d1e7la1A	0	2	6.000000
3	d1e7la1A	1	2	7.000000
3	d1es6a2A	1	2	3.000000
3	d1ez3a_A	0	1	10.000000
3	d1ez3a_A	0	2	14.000000
3	d1fpoa2A	0	1	6.000000
3	d1fpoa2A	0	2	6.000000
3	d1fpoa2A	1	2	13.000000
3	d1fs1a1A	0	2	3.000000
3	d1g73a_A	0	1	24.000000
3	d1g73a_A	0	2	10.000000
3	d1g73a_A	1	2	7.000000
3	d1gpja1A	0	1	8.000000
3	d1gv2a2A	1	2	4.000000
3	d1gvna_A	0	1	6.000000
3	d1gvna_A	0	2	10.000000
3	d1gvna_A	1	2	4.000000
3	d1gxqa_A	0	2	4.000000
3	d1h6fa_A	0	2	4.000000
3	d1hf8a1A	0	1	8.000000
3	d1hypa_A	1	2	4.000000
3	d1i5za1A	1	2	3.000000
3	d1iwma_A	1	2	3.000000
3	d1j0pa_A	1	2	4.000000
3	d1jb3a_A	0	2	3.000000
3	d1jhfa1A	0	2	4.000000
3	d1jmxa1A	0	2	4.000000
3	d1jmxa1A	1	2	5.000000
3	d1jnra1A	0	1	9.000000
3	d1jnra1A	0	2	8.000000
3	d1jnra1A	1	2	8.000000
3	d1k61a_A	0	1	4.000000
3	d1k61a_A	0	2	3.000000
3	d1kgsa1A	0	2	7.000000
3	d1ku3a_A	0	1	4.000000
3	d1ku3a_A	0	2	7.000000
3	d1ku3a_A	1	2	3.000000
3	d1kxpd3D	0	1	7.000000
3	d1kxpd3D	1	2	3.000000
3	d1le6a_A	0	2	4.000000
3	d1le6a_A	1	2	6.000000
3	d1lm8v_V	0	1	3.000000
3	d1lvfa_A	0	1	10.000000
3	d1lvfa_A	0	2	6.000000
3	d1lvfa_A	1	2	10.000000
3	d1m1eb_B	0	1	4.000000
3	d1m1eb_B	0	2	3.000000
3	d1maia_A	0	2	7.000000
3	d1n1jb_B	1	2	4.000000
3	d1nh2b_B	0	2	4.000000
3	d1nvma1A	0	2	5.000000
3	d1nvma1A	1	2	6.000000
3	d1oaia_A	0	1	5.000000
3	d1ofcx1X	0	2	4.000000
3	d1okkd1D	0	1	5.000000
3	d1okkd1D	0	2	3.000000
3	d1okkd1D	1	2	4.000000
3	d1oksa_A	0	1	4.000000
3	d1olma1A	0	1	3.000000
3	d1olma1A	1	2	5.000000
3	d1on2a1A	0	1	4.000000
3	d1on2a1A	0	2	3.000000
3	d1orua_A	1	2	4.000000
3	d1owfa_A	0	1	6.000000
3	d1pl8a1A	0	2	4.000000
3	d1poca_A	0	1	5.000000
3	d1poca_A	1	2	4.000000
3	d1pufa_A	0	1	3.000000
3	d1pufa_A	0	2	4.000000
3	d1qsda_A	0	1	16.000000
3	d1sf9a_A	0	2	4.000000
3	d1sf9a_A	1	2	9.000000
3	d1sfua_A	0	2	4.000000
3	d1sfua_A	1	2	4.000000
3	d1sr9a1A	1	2	4.000000
3	d1t95a1A	0	1	4.000000
3	d1tafa_A	1	2	4.000000
3	d1tafb_B	1	2	5.000000
3	d1txja_A	1	2	7.000000
3	d1u5pa1A	0	1	12.000000
3	d1u5pa1A	0	2	8.000000
3	d1u5pa1A	1	2	15.000000
3	d1u5pa2A	0	2	12.000000
3	d1u5pa2A	1	2	10.000000
3	d1uj8a1A	0	2	6.000000
3	d1uj8a1A	1	2	4.000000
3	d1uptb_B	0	1	5.000000
3	d1uptb_B	1	2	4.000000
3	d1ut7a_A	0	1	3.000000
3	d1uufa1A	0	2	4.000000
3	d1vcta1A	0	1	14.000000
3	d1vcta1A	0	2	7.000000
3	d1vcta1A	1	2	11.000000
3	d1w0ua_A	0	1	4.000000
3	d1w0ua_A	0	2	4.000000
3	d1wb8a1A	1	2	12.000000
3	d1wd3a1A	0	2	4.000000
3	d1wrda1A	0	1	8.000000
3	d1wrda1A	1	2	9.000000
3	d1xeqa1A	0	1	9.000000
3	d1xeqa1A	0	2	9.000000
3	d1xvha2A	0	1	5.000000
3	d1xvha2A	0	2	5.000000
3	d1y02a1A	0	2	5.000000
3	d1y02a1A	1	2	4.000000
3	d1ybza1A	0	2	5.000000
3	d1ybza1A	1	2	4.000000
3	d1ys7a1A	0	1	3.000000
3	d1ys7a1A	0	2	5.000000
3	d1yz1a_A	1	2	7.000000
3	d1z96a1A	0	1	4.000000
3	d1zkea1A	0	2	9.000000
3	d1zkea1A	1	2	4.000000
3	d1zyba1A	0	2	5.000000
3	d2cclb1B	0	2	5.000000
3	d2ciwa1A	0	1	3.000000
3	d2cjja1A	1	2	4.000000
3	d2cyya1A	0	2	3.000000
3	d2d8da1A	1	2	5.000000
3	d2db7a1A	1	2	7.000000
3	d2dfka2A	0	2	4.000000
3	d2e2aa_A	0	1	12.000000
3	d2e2aa_A	0	2	11.000000
3	d2e2aa_A	1	2	10.000000
3	d2elca1A	0	2	5.000000
3	d2erla_A	0	2	4.000000
3	d2erla_A	1	2	4.000000
3	d2et1a_A	1	2	4.000000
3	d2fcwa1A	1	2	17.000000
3	d2fd5a1A	0	1	3.000000
3	d2fd5a1A	0	2	7.000000
3	d2fnja1A	0	2	4.000000
3	d2fzta1A	0	1	5.000000
3	d2goma1A	0	1	6.000000
3	d2goma1A	0	2	5.000000
3	d2goma1A	1	2	5.000000
3	d2gsva1A	0	1	6.000000
3	d2gsva1A	0	2	8.000000
3	d2gsva1A	1	2	7.000000
3	d2hdza_A	0	1	6.000000
3	d2heoa_A	0	2	5.000000
3	d2heoa_A	1	2	4.000000
3	d2hosa_A	0	1	4.000000
3	d2hosa_A	0	2	5.000000
3	d2huec_C	1	2	3.000000
3	d2idob_B	0	2	7.000000
3	d2ii1a_A	0	1	3.000000
3	d2isya1A	0	1	4.000000
3	d2isya1A	0	2	4.000000
3	d2iu5a1A	0	1	5.000000
3	d2iu5a1A	0	2	6.000000
3	d2j5ya_A	0	1	3.000000
3	d2j5ya_A	0	2	5.000000
3	d2j5ya_A	1	2	3.000000
3	d2jhfa1A	0	2	3.000000
3	d2ns0a1A	0	1	4.000000
3	d2ns0a1A	0	2	5.000000
3	d2oo2a1A	0	2	7.000000
3	d2oo2a1A	1	2	12.000000
3	d2ovga_A	0	1	4.000000
3	d2ovga_A	1	2	3.000000
3	d2p5ka1A	0	2	4.000000
3	d2pmra1A	0	2	9.000000
3	d2pmra1A	1	2	10.000000
3	d2v6xa_A	0	1	10.000000
3	d2v6xa_A	1	2	12.000000
3	d2v9va1A	0	1	3.000000
3	d2v9va1A	0	2	3.000000
3	d2v9va1A	1	2	4.000000
3	d2v9va2A	0	2	3.000000
3	d2ve8a_A	0	1	4.000000
3	d2ve8a_A	0	2	3.000000
3	d2ve8a_A	1	2	4.000000
3	d2vqca1A	0	1	3.000000
3	d2vqca1A	0	2	9.000000
3	d2vqca1A	1	2	5.000000
3	d2zkoa_A	0	1	11.000000
3	d2zkoa_A	0	2	10.000000
3	d3a02a_A	0	1	3.000000
3	d3a02a_A	0	2	5.000000
3	d3a02a_A	1	2	4.000000
3	d3ag3h_H	0	1	5.000000
3	d3ag3h_H	0	2	4.000000
3	d3b0fa_A	0	1	3.000000
3	d3bvua1A	0	1	5.000000
3	d3bvua1A	0	2	11.000000
3	d3bvua1A	1	2	8.000000
3	d3bwga1A	0	2	4.000000
3	d3cdda2A	1	2	4.000000
3	d3e46a1A	0	1	4.000000
3	d3e46a1A	1	2	3.000000
3	d3im3a_A	1	2	6.000000
3	d3k1sa_A	0	1	12.000000
3	d3k1sa_A	0	2	12.000000
3	d3k1sa_A	1	2	9.000000
3	d3k2aa_A	0	1	3.000000
3	d3l2ca_A	1	2	5.000000
3	d3ldqb_B	0	2	10.000000
3	d3mh9a_A	0	1	3.000000
3	d3qwoc_C	0	1	5.000000
3	d3qwoc_C	0	2	3.000000
3	d3qwoc_C	1	2	4.000000
3	d4dfaa_A	0	1	3.000000
3	d4dfaa_A	1	2	6.000000
4	d1af7a1A	0	2	4.000000
4	d1af7a1A	0	3	3.000000
4	d1af7a1A	1	3	4.000000
4	d1bbha_A	0	1	6.000000
4	d1bbha_A	1	2	5.000000
4	d1bbha_A	0	3	4.000000
4	d1bbha_A	2	3	7.000000
4	d1beaa_A	0	1	6.000000
4	d1beaa_A	0	3	4.000000
4	d1beaa_A	2	3	3.000000
4	d1bm9a_A	0	2	6.000000
4	d1bm9a_A	1	2	3.000000
4	d1bm9a_A	0	3	5.000000
4	d1c75a_A	0	3	4.000000
4	d1c75a_A	2	3	7.000000
4	d1dj8a_A	1	3	4.000000
4	d1dj8a_A	2	3	3.000000
4	d1dlja1A	0	2	6.000000
4	d1dlja1A	0	3	4.000000
4	d1dlja1A	2	3	4.000000
4	d1dv1a1A	0	1	4.000000
4	d1dv1a1A	1	2	3.000000
4	d1e3oc2C	1	3	5.000000
4	d1etxa_A	1	2	3.000000
4	d1etxa_A	1	3	4.000000
4	d1fpoa1A	1	2	4.000000
4	d1fs1b1B	1	2	8.000000
4	d1fsea_A	0	1	3.000000
4	d1fsea_A	0	2	5.000000
4	d1fsea_A	2	3	3.000000
4	d1h2ba1A	0	3	3.000000
4	d1h32a2A	0	3	8.000000
4	d1h32a2A	2	3	4.000000
4	d1h7ca_A	2	3	7.000000
4	d1hbka_A	1	2	4.000000
4	d1hbka_A	0	3	8.000000
4	d1hbka_A	1	3	8.000000
4	d1hw1a1A	0	2	6.000000
4	d1hw1a1A	1	2	4.000000
4	d1hyoa1A	0	1	3.000000
4	d1i27a_A	0	3	4.000000
4	d1i27a_A	1	3	4.000000
4	d1i2ta_A	0	1	4.000000
4	d1i2ta_A	0	2	3.000000
4	d1i2ta_A	1	3	4.000000
4	d1i77a_A	2	3	3.000000
4	d1j8mf1F	0	1	5.000000
4	d1j8mf1F	1	2	6.000000
4	d1j8mf1F	0	3	5.000000
4	d1j8mf1F	1	3	5.000000
4	d1j8mf1F	2	3	5.000000
4	d1ji7a_A	0	3	3.000000
4	d1jqba1A	0	3	3.000000
4	d1k04a_A	1	2	7.000000
4	d1k04a_A	1	3	5.000000
4	d1k04a_A	2	3	11.000000
4	d1k3xa1A	0	3	6.000000
4	d1k3xa1A	2	3	7.000000
4	d1k3xa2A	2	3	3.000000
4	d1k8ua_A	1	2	3.000000
4	d1k8ua_A	0	3	3.000000
4	d1k8ua_A	1	3	4.000000
4	d1k8ua_A	2	3	3.000000
4	d1khda1A	0	1	3.000000
4	d1khda1A	0	2	5.000000
4	d1khda1A	1	3	6.000000
4	d1l3la1A	0	1	3.000000
4	d1l3la1A	0	2	5.000000
4	d1l3la1A	2	3	3.000000
4	d1l8ra_A	1	3	3.000000
4	d1l9la_A	0	2	10.000000
4	d1l9la_A	1	2	4.000000
4	d1l9la_A	0	3	3.000000
4	d1llaa1A	0	2	5.000000
4	d1llaa1A	0	3	3.000000
4	d1llaa1A	1	3	8.000000
4	d1ls1a1A	0	1	6.000000
4	d1ls1a1A	1	2	8.000000
4	d1ls1a1A	2	3	5.000000
4	d1m70a1A	0	3	3.000000
4	d1m70a1A	2	3	8.000000
4	d1mc2a_A	0	3	8.000000
4	d1mc2a_A	2	3	5.000000
4	d1mgta1A	0	2	3.000000
4	d1mqva_A	0	1	6.000000
4	d1mqva_A	1	2	7.000000
4	d1mqva_A	2	3	6.000000
4	d1my6a1A	1	3	10.000000
4	d1my6a1A	2	3	6.000000
4	d1n1ja_A	1	2	5.000000
4	d1n62a1A	0	1	3.000000
4	d1n62a1A	0	3	6.000000
4	d1n62a1A	1	3	4.000000
4	d1n62a1A	2	3	3.000000
4	d1ntva_A	0	2	4.000000
4	d1ofcx3X	1	2	3.000000
4	d1ofcx3X	1	3	3.000000
4	d1on2a2A	0	2	9.000000
4	d1or7a1A	0	3	3.000000
4	d1or7a1A	1	3	6.000000
4	d1or7c_C	0	2	7.000000
4	d1oxja1A	2	3	4.000000
4	d1pbya1A	0	2	3.000000
4	d1pbya1A	1	2	4.000000
4	d1pufb_B	0	1	3.000000
4	d1pufb_B	0	2	4.000000
4	d1q08a_A	0	1	3.000000
4	d1q0qa1A	0	2	4.000000
4	d1q0qa1A	1	2	5.000000
4	d1q0qa1A	1	3	8.000000
4	d1q0qa1A	2	3	3.000000
4	d1qx2a_A	1	2	4.000000
4	d1qx2a_A	0	3	4.000000
4	d1qx2a_A	2	3	3.000000
4	d1r2za1A	1	2	4.000000
4	d1r2za1A	2	3	11.000000
4	d1r5la1A	0	2	3.000000
4	d1r5la1A	1	2	5.000000
4	d1r7ja_A	0	1	3.000000
4	d1r7ja_A	1	2	4.000000
4	d1r89a1A	0	1	3.000000
4	d1r89a1A	2	3	4.000000
4	d1rfya_A	1	3	11.000000
4	d1rkta1A	0	1	3.000000
4	d1sbxa_A	1	3	3.000000
4	d1t56a1A	0	1	4.000000
4	d1t56a1A	1	2	3.000000
4	d1t6sa1A	0	2	4.000000
4	d1t6sa2A	0	1	3.000000
4	d1t6sa2A	0	2	4.000000
4	d1t8ka_A	0	1	6.000000
4	d1t8ka_A	0	3	4.000000
4	d1tdza1A	2	3	6.000000
4	d1tqga_A	0	1	10.000000
4	d1tqga_A	1	2	11.000000
4	d1tqga_A	0	3	9.000000
4	d1tqga_A	2	3	7.000000
4	d1tzyb_B	1	2	6.000000
4	d1tzyb_B	2	3	3.000000
4	d1tzyc_C	2	3	6.000000
4	d1u84a_A	0	1	4.000000
4	d1u84a_A	1	2	6.000000
4	d1u84a_A	0	3	6.000000
4	d1u84a_A	2	3	7.000000
4	d1utga_A	1	2	5.000000
4	d1utga_A	0	3	4.000000
4	d1v74b_B	0	1	8.000000
4	d1v74b_B	0	2	3.000000
4	d1v74b_B	1	2	3.000000
4	d1v74b_B	0	3	5.000000
4	d1v74b_B	2	3	5.000000
4	d1v7wa2A	0	1	3.000000
4	d1v97a1A	0	1	4.000000
4	d1vi0a1A	1	2	3.000000
4	d1vkua_A	0	1	5.000000
4	d1vkua_A	0	3	6.000000
4	d1vl7a_A	2	3	3.000000
4	d1vmga_A	1	2	12.000000
4	d1w53a_A	0	1	6.000000
4	d1w53a_A	0	2	8.000000
4	d1w53a_A	2	3	9.000000
4	d1w96a1A	0	1	3.000000
4	d1wvec_C	0	3	5.000000
4	d1wvec_C	2	3	4.000000
4	d1xe7a_A	2	3	3.000000
4	d1xk4c1C	0	1	5.000000
4	d1xk4c1C	1	2	4.000000
4	d1xmka1A	0	1	4.000000
4	d1xmka1A	0	2	5.000000
4	d1xmka1A	1	2	3.000000
4	d1y0ua_A	1	2	4.000000
4	d1y0ua_A	1	3	4.000000
4	d1y88a1A	1	3	5.000000
4	d1y88a1A	2	3	3.000000
4	d1yo5c1C	0	2	3.000000
4	d1yt3a1A	0	1	5.000000
4	d1yt3a1A	0	3	8.000000
4	d1yt3a1A	2	3	3.000000
4	d1yt3a2A	0	3	5.000000
4	d1yt3a2A	2	3	3.000000
4	d1z05a1A	0	1	3.000000
4	d1z05a1A	0	2	3.000000
4	d1z05a1A	1	2	3.000000
4	d1zk8a1A	0	1	4.000000
4	d1zk8a1A	0	3	3.000000
4	d1zkra2A	0	2	3.000000
4	d1zkra2A	0	3	4.000000
4	d1zlja_A	0	2	4.000000
4	d1zlja_A	1	2	3.000000
4	d1zlja_A	0	3	3.000000
4	d2a6ca1A	1	2	4.000000
4	d2a6ca1A	0	3	4.000000
4	d2auwa1A	0	2	3.000000
4	d2auwa1A	1	2	4.000000
4	d2auwa1A	0	3	3.000000
4	d2bcqa1A	0	1	6.000000
4	d2bcqa1A	0	3	3.000000
4	d2bcqa1A	1	3	3.000000
4	d2bcqa1A	2	3	3.000000
4	d2bcqa2A	0	1	4.000000
4	d2bl8a1A	0	1	4.000000
4	d2bl8a1A	0	3	6.000000
4	d2bl8a1A	2	3	3.000000
4	d2bnma1A	1	2	5.000000
4	d2cb8a_A	1	2	4.000000
4	d2cb8a_A	0	3	5.000000
4	d2cb8a_A	1	3	10.000000
4	d2ce0a_A	0	3	6.000000
4	d2ce0a_A	2	3	6.000000
4	d2ckxa1A	0	1	5.000000
4	d2ckxa1A	0	2	4.000000
4	d2ckxa1A	1	2	4.000000
4	d2ckxa1A	0	3	5.000000
4	d2ckxa1A	2	3	5.000000
4	d2d48a_A	0	2	8.000000
4	d2d48a_A	0	3	7.000000
4	d2doba_A	0	1	3.000000
4	d2doba_A	0	2	4.000000
4	d2doba_A	1	2	4.000000
4	d2doba_A	0	3	3.000000
4	d2dt5a1A	0	1	3.000000
4	d2dt5a1A	1	2	3.000000
4	d2dt5a1A	0	3	7.000000
4	d2efva1A	0	2	3.000000
4	d2efva1A	0	3	4.000000
4	d2efva1A	1	3	4.000000
4	d2egdb_B	1	2	5.000000
4	d2egdb_B	0	3	4.000000
4	d2enda_A	0	2	6.000000
4	d2f4mb_B	1	2	3.000000
4	d2f4mb_B	0	3	3.000000
4	d2fbqa1A	0	1	4.000000
4	d2fbqa1A	0	2	3.000000
4	d2ff4a1A	0	1	4.000000
4	d2ff4a1A	0	2	3.000000
4	d2ff4a1A	1	2	4.000000
4	d2fnaa1A	0	1	6.000000
4	d2fnaa1A	0	2	4.000000
4	d2fnaa1A	1	2	4.000000
4	d2fq3a1A	1	3	5.000000
4	d2fq4a1A	0	1	4.000000
4	d2fq4a1A	1	2	3.000000
4	d2fq4a1A	0	3	6.000000
4	d2g3ba1A	0	1	4.000000
4	d2g3ba1A	1	2	3.000000
4	d2g3ba1A	0	3	6.000000
4	d2g7ga1A	1	2	3.000000
4	d2g7ga1A	0	3	5.000000
4	d2g7sa1A	0	1	4.000000
4	d2g7sa1A	1	2	3.000000
4	d2g7sa1A	0	3	6.000000
4	d2gaua1A	0	2	4.000000
4	d2gaua1A	1	2	4.000000
4	d2gaua1A	0	3	5.000000
4	d2gena1A	0	1	3.000000
4	d2gfna1A	0	1	4.000000
4	d2gfna1A	0	2	3.000000
4	d2gfna1A	1	2	3.000000
4	d2gyka1A	0	1	5.000000
4	d2gyka1A	0	3	5.000000
4	d2gyka1A	1	3	4.000000
4	d2hkja1A	1	2	5.000000
4	d2hkja1A	0	3	4.000000
4	d2hkja1A	2	3	4.000000
4	d2hkua1A	0	1	4.000000
4	d2hkua1A	0	2	4.000000
4	d2hkua1A	0	3	5.000000
4	d2htsa_A	1	2	3.000000
4	d2huja1A	0	1	14.000000
4	d2huja1A	0	2	4.000000
4	d2huja1A	1	2	6.000000
4	d2huja1A	0	3	13.000000
4	d2huja1A	2	3	4.000000
4	d2hyja1A	0	1	4.000000
4	d2hyja1A	0	3	4.000000
4	d2i10a2A	0	2	4.000000
4	d2i10a2A	1	2	8.000000
4	d2i10a2A	0	3	6.000000
4	d2i10a2A	2	3	3.000000
4	d2i1qa1A	1	3	4.000000
4	d2i1qa1A	2	3	4.000000
4	d2i53a2A	0	1	5.000000
4	d2i53a2A	0	2	6.000000
4	d2i53a2A	1	2	7.000000
4	d2i53a2A	2	3	7.000000
4	d2i5ua1A	1	3	6.000000
4	d2i5ua1A	2	3	5.000000
4	d2ib0a1A	0	1	8.000000
4	d2ib0a1A	0	2	12.000000
4	d2ib0a1A	1	3	9.000000
4	d2ib0a1A	2	3	12.000000
4	d2ic7a_A	1	2	5.000000
4	d2id3a1A	0	1	3.000000
4	d2id3a1A	0	2	3.000000
4	d2id3a1A	1	2	3.000000
4	d2id3a1A	0	3	4.000000
4	d2id6a1A	0	1	4.000000
4	d2im8a_A	0	1	7.000000
4	d2im8a_A	0	2	7.000000
4	d2im8a_A	1	2	8.000000
4	d2im8a_A	0	3	7.000000
4	d2im8a_A	2	3	8.000000
4	d2isya2A	0	2	3.000000
4	d2j9ua_A	0	1	9.000000
4	d2j9ua_A	1	2	4.000000
4	d2j9ua_A	0	3	8.000000
4	d2j9ua_A	2	3	6.000000
4	d2j9wa_A	0	1	7.000000
4	d2j9wa_A	1	2	6.000000
4	d2j9wa_A	0	3	8.000000
4	d2j9wa_A	2	3	7.000000
4	d2jf2a_A	0	1	3.000000
4	d2jf2a_A	1	2	4.000000
4	d2jf2a_A	2	3	3.000000
4	d2mhra_A	0	1	8.000000
4	d2mhra_A	1	2	7.000000
4	d2mhra_A	0	3	5.000000
4	d2np5a1A	0	1	3.000000
4	d2np5a1A	0	3	5.000000
4	d2o38a1A	1	2	4.000000
4	d2o38a1A	0	3	4.000000
4	d2o6ka1A	0	1	3.000000
4	d2o7ta1A	0	1	3.000000
4	d2o7ta1A	0	2	3.000000
4	d2o7ta1A	0	3	6.000000
4	d2obpa1A	0	1	3.000000
4	d2obpa1A	0	2	7.000000
4	d2obpa1A	1	2	4.000000
4	d2od5a1A	0	1	4.000000
4	d2oh3a1A	0	1	12.000000
4	d2oh3a1A	0	2	6.000000
4	d2oh3a1A	1	3	6.000000
4	d2oh3a1A	2	3	11.000000
4	d2oufa1A	0	3	4.000000
4	d2oy9a1A	0	1	6.000000
4	d2oy9a1A	1	2	3.000000
4	d2oy9a1A	1	3	4.000000
4	d2p06a1A	0	3	7.000000
4	d2p06a1A	2	3	11.000000
4	d2p8ta1A	0	3	3.000000
4	d2q5za_A	0	2	5.000000
4	d2q5za_A	1	2	9.000000
4	d2qsba1A	0	1	8.000000
4	d2qsba1A	1	2	6.000000
4	d2qsba1A	0	3	7.000000
4	d2qsba1A	2	3	8.000000
4	d2qzga1A	0	1	4.000000
4	d2qzga1A	1	2	6.000000
4	d2qzga1A	0	3	6.000000
4	d2rh3a1A	1	3	7.000000
4	d2rh3a1A	2	3	5.000000
4	d2rlda1A	0	1	9.000000
4	d2rlda1A	0	2	3.000000
4	d2rlda1A	1	2	12.000000
4	d2rlda1A	0	3	10.000000
4	d2rlda1A	2	3	11.000000
4	d2vkva1A	0	1	4.000000
4	d2vkva1A	1	2	3.000000
4	d2vkva1A	0	3	7.000000
4	d2wkxa1A	1	2	4.000000
4	d2wkxa1A	0	3	6.000000
4	d2wkxa1A	1	3	6.000000
4	d2wkxa1A	2	3	4.000000
4	d2z3qa1A	0	2	8.000000
4	d2z3qa1A	1	2	6.000000
4	d2z3qa1A	0	3	7.000000
4	d2z3qa1A	1	3	7.000000
4	d2zcwa1A	0	2	6.000000
4	d2zcwa1A	1	2	3.000000
4	d2zcwa1A	0	3	5.000000
4	d2zoya1A	0	1	4.000000
4	d2zoya1A	1	2	3.000000
4	d2zoya1A	0	3	6.000000
4	d3arcu_U	1	2	3.000000
4	d3bqpa_A	0	1	3.000000
4	d3bqpa_A	0	2	5.000000
4	d3bqpa_A	0	3	3.000000
4	d3cu4a_A	0	3	5.000000
4	d3cu4a_A	2	3	4.000000
4	d3d10a_A	1	2	3.000000
4	d3d10a_A	0	3	4.000000
4	d3dbya1A	0	1	9.000000
4	d3dbya1A	1	2	7.000000
4	d3dbya1A	0	3	7.000000
4	d3dbya1A	2	3	13.000000
4	d3dbya2A	0	1	12.000000
4	d3dbya2A	0	2	5.000000
4	d3dbya2A	1	2	8.000000
4	d3dbya2A	0	3	9.000000
4	d3dbya2A	2	3	10.000000
4	d3e5ua1A	0	2	4.000000
4	d3e5ua1A	0	3	4.000000
4	d3f8ba_A	0	2	4.000000
4	d3fapb_B	0	1	9.000000
4	d3fapb_B	0	2	4.000000
4	d3fapb_B	1	2	5.000000
4	d3fapb_B	0	3	6.000000
4	d3fapb_B	2	3	12.000000
4	d3feaa_A	0	1	3.000000
4	d3feaa_A	0	2	3.000000
4	d3l5xa_A	0	2	5.000000
4	d3l5xa_A	1	2	4.000000
4	d3l5xa_A	0	3	5.000000
4	d3qu3a_A	1	3	4.000000
4	d451ca_A	0	3	3.000000
4	d451ca_A	1	3	3.000000
4	d451ca_A	2	3	6.000000
5	d1a8oa_A	1	2	3.000000
5	d1alua_A	0	2	9.000000
5	d1alua_A	1	2	9.000000
5	d1alua_A	1	3	5.000000
5	d1alua_A	0	4	8.000000
5	d1alua_A	1	4	14.000000
5	d1b0na2A	0	2	3.000000
5	d1b0na2A	1	2	4.000000
5	d1b0na2A	1	3	3.000000
5	d1b4fa_A	3	4	3.000000
5	d1b9ma1A	0	1	4.000000
5	d1b9ma1A	0	2	6.000000
5	d1b9ma1A	1	2	4.000000
5	d1bkra_A	1	2	5.000000
5	d1bkra_A	0	4	5.000000
5	d1bkra_A	1	4	4.000000
5	d1bkra_A	2	4	4.000000
5	d1ci4a_A	0	4	5.000000
5	d1ci4a_A	2	4	4.000000
5	d1cpqa_A	0	1	4.000000
5	d1cpqa_A	0	4	3.000000
5	d1cpqa_A	3	4	10.000000
5	d1ctja_A	0	4	7.000000
5	d1ctja_A	3	4	4.000000
5	d1cuka2A	0	1	3.000000
5	d1cuka2A	3	4	3.000000
5	d1dkza1A	1	3	5.000000
5	d1dkza1A	2	3	6.000000
5	d1duga1A	0	1	5.000000
5	d1duga1A	0	2	8.000000
5	d1duga1A	2	3	4.000000
5	d1duga1A	3	4	3.000000
5	d1dw0a_A	0	4	6.000000
5	d1dw0a_A	1	4	5.000000
5	d1dwka1A	1	2	3.000000
5	d1dwka1A	3	4	3.000000
5	d1e29a_A	0	1	3.000000
5	d1e29a_A	0	4	6.000000
5	d1e29a_A	3	4	6.000000
5	d1e6ba1A	0	1	3.000000
5	d1e6ba1A	0	2	4.000000
5	d1e6ba1A	1	2	5.000000
5	d1e6ba1A	1	3	3.000000
5	d1e6ba1A	2	3	4.000000
5	d1e6ia_A	0	4	4.000000
5	d1e6ia_A	3	4	7.000000
5	d1ecwa_A	1	3	4.000000
5	d1ecwa_A	2	3	5.000000
5	d1ecwa_A	3	4	5.000000
5	d1eg3a2A	1	2	4.000000
5	d1eg3a2A	0	3	4.000000
5	d1f0ya1A	0	1	3.000000
5	d1f0ya1A	0	2	3.000000
5	d1f44a1A	1	2	4.000000
5	d1f44a1A	1	3	5.000000
5	d1f44a1A	2	3	3.000000
5	d1f44a1A	2	4	6.000000
5	d1fk5a_A	0	3	3.000000
5	d1fnna1A	1	2	9.000000
5	d1fnna1A	1	3	5.000000
5	d1fnna1A	2	3	4.000000
5	d1fnna1A	0	4	4.000000
5	d1fnna1A	1	4	8.000000
5	d1fp1d1D	1	4	3.000000
5	d1fp1d1D	3	4	5.000000
5	d1g4ia_A	0	4	7.000000
5	d1g4ia_A	2	4	7.000000
5	d1g8qa_A	0	1	6.000000
5	d1g8qa_A	0	4	5.000000
5	d1gs9a_A	0	2	9.000000
5	d1gs9a_A	2	3	10.000000
5	d1gs9a_A	0	4	8.000000
5	d1gs9a_A	3	4	14.000000
5	d1gu2a_A	0	4	8.000000
5	d1gu2a_A	1	4	6.000000
5	d1h32b_B	0	4	6.000000
5	d1h32b_B	2	4	5.000000
5	d1h99a1A	0	1	5.000000
5	d1h99a1A	0	3	7.000000
5	d1h99a1A	1	4	5.000000
5	d1h99a1A	2	4	3.000000
5	d1h99a1A	3	4	10.000000
5	d1h99a2A	0	1	8.000000
5	d1h99a2A	0	3	6.000000
5	d1h99a2A	1	4	6.000000
5	d1h99a2A	2	4	5.000000
5	d1h99a2A	3	4	5.000000
5	d1hfua3A	0	2	3.000000
5	d1hq1a_A	0	1	4.000000
5	d1hq1a_A	0	4	4.000000
5	d1hxia_A	0	1	6.000000
5	d1hxia_A	1	2	7.000000
5	d1hxia_A	2	3	8.000000
5	d1i36a1A	0	2	4.000000
5	d1i36a1A	0	3	6.000000
5	d1i36a1A	0	4	4.000000
5	d1i36a1A	3	4	5.000000
5	d1i5na_A	0	1	8.000000
5	d1i5na_A	1	2	9.000000
5	d1i5na_A	0	3	9.000000
5	d1i5na_A	2	3	4.000000
5	d1i5na_A	2	4	7.000000
5	d1i5na_A	3	4	4.000000
5	d1i8oa_A	1	3	3.000000
5	d1i8oa_A	0	4	6.000000
5	d1i8oa_A	2	4	4.000000
5	d1in4a1A	0	1	3.000000
5	d1iqca2A	0	1	3.000000
5	d1iqca2A	1	4	5.000000
5	d1iqca2A	3	4	5.000000
5	d1ix9a1A	1	4	10.000000
5	d1j30a_A	0	1	13.000000
5	d1j30a_A	2	4	11.000000
5	d1jiga_A	0	1	9.000000
5	d1jiga_A	0	3	9.000000
5	d1jiga_A	1	3	4.000000
5	d1jiga_A	0	4	3.000000
5	d1jiga_A	1	4	7.000000
5	d1jiga_A	3	4	12.000000
5	d1jr8a_A	1	2	4.000000
5	d1jr8a_A	2	3	4.000000
5	d1k9ua_A	3	4	3.000000
5	d1kb0a1A	0	4	5.000000
5	d1kl9a1A	1	2	3.000000
5	d1kl9a1A	2	3	3.000000
5	d1kv9a1A	2	3	3.000000
5	d1kv9a1A	0	4	5.000000
5	d1kv9a1A	3	4	3.000000
5	d1kw4a_A	0	1	3.000000
5	d1kw4a_A	3	4	3.000000
5	d1l3pa_A	1	2	8.000000
5	d1l3pa_A	1	4	8.000000
5	d1l3pa_A	3	4	6.000000
5	d1lkia_A	0	3	10.000000
5	d1lkia_A	2	3	12.000000
5	d1lkia_A	0	4	11.000000
5	d1lkia_A	2	4	6.000000
5	d1lkoa1A	0	1	12.000000
5	d1lkoa1A	0	2	4.000000
5	d1lkoa1A	1	4	12.000000
5	d1lkoa1A	2	4	12.000000
5	d1lwba_A	1	2	4.000000
5	d1lwba_A	2	3	12.000000
5	d1m70a2A	0	4	8.000000
5	d1m70a2A	2	4	4.000000
5	d1mixa1A	2	3	4.000000
5	d1mixa1A	0	4	3.000000
5	d1mixa1A	1	4	6.000000
5	d1mixa1A	2	4	6.000000
5	d1mjsa_A	2	4	4.000000
5	d1mzba_A	1	3	5.000000
5	d1mzba_A	2	3	3.000000
5	d1nf4a_A	0	1	15.000000
5	d1nf4a_A	0	2	11.000000
5	d1nf4a_A	1	2	5.000000
5	d1nf4a_A	1	3	11.000000
5	d1nf4a_A	2	3	14.000000
5	d1noga_A	0	1	9.000000
5	d1noga_A	0	3	11.000000
5	d1noga_A	2	4	14.000000
5	d1noga_A	3	4	14.000000
5	d1o3ua_A	0	1	12.000000
5	d1o3ua_A	1	2	5.000000
5	d1o3ua_A	2	3	5.000000
5	d1o3ua_A	0	4	8.000000
5	d1o3ua_A	1	4	10.000000
5	d1o3ua_A	3	4	6.000000
5	d1oqca_A	1	2	4.000000
5	d1oqca_A	0	3	5.000000
5	d1oqca_A	2	3	3.000000
5	d1or7a2A	0	1	6.000000
5	d1or7a2A	1	2	4.000000
5	d1or7a2A	2	3	6.000000
5	d1oxja2A	0	1	3.000000
5	d1oxja2A	0	2	6.000000
5	d1oxja2A	1	3	4.000000
5	d1oxja2A	2	3	5.000000
5	d1oxja2A	3	4	5.000000
5	d1oywa1A	1	2	3.000000
5	d1oywa1A	1	3	4.000000
5	d1pbya2A	2	4	3.000000
5	d1pbya2A	3	4	3.000000
5	d1pk3a1A	0	1	3.000000
5	d1pk3a1A	3	4	5.000000
5	d1px5a1A	0	1	5.000000
5	d1px5a1A	0	2	4.000000
5	d1px5a1A	1	2	4.000000
5	d1px5a1A	0	4	3.000000
5	d1px5a1A	2	4	5.000000
5	d1q8da_A	0	1	4.000000
5	d1q8da_A	1	2	4.000000
5	d1q8da_A	0	3	3.000000
5	d1q8da_A	2	4	8.000000
5	d1ql3a_A	0	4	3.000000
5	d1ql3a_A	2	4	5.000000
5	d1r1ta_A	2	3	3.000000
5	d1r1ua_A	1	2	3.000000
5	d1r1ua_A	1	3	4.000000
5	d1r1ua_A	2	3	4.000000
5	d1r69a_A	0	4	4.000000
5	d1rx0a1A	0	1	8.000000
5	d1rx0a1A	0	2	11.000000
5	d1rx0a1A	1	2	12.000000
5	d1rx0a1A	2	3	5.000000
5	d1rz4a1A	0	2	3.000000
5	d1s7za_A	0	1	4.000000
5	d1s7za_A	1	3	5.000000
5	d1s7za_A	2	3	3.000000
5	d1s7za_A	0	4	3.000000
5	d1sfxa_A	1	2	3.000000
5	d1sfxa_A	2	3	4.000000
5	d1sh5a1A	0	1	4.000000
5	d1sh5a1A	1	2	4.000000
5	d1sh5a1A	2	3	4.000000
5	d1sh5a1A	0	4	4.000000
5	d1siqa1A	0	1	10.000000
5	d1siqa1A	0	2	9.000000
5	d1siqa1A	1	2	9.000000
5	d1siqa1A	0	3	3.000000
5	d1siqa1A	2	3	5.000000
5	d1t0fa1A	0	4	3.000000
5	d1t0fa1A	3	4	3.000000
5	d1t56a2A	0	2	3.000000
5	d1t56a2A	0	3	4.000000
5	d1t56a2A	2	3	8.000000
5	d1t56a2A	0	4	8.000000
5	d1t56a2A	3	4	7.000000
5	d1t6ua_A	0	1	10.000000
5	d1t6ua_A	1	3	7.000000
5	d1t6ua_A	3	4	6.000000
5	d1t9ma_A	3	4	4.000000
5	d1tjoa_A	0	1	12.000000
5	d1tjoa_A	0	2	3.000000
5	d1tjoa_A	0	3	8.000000
5	d1tjoa_A	1	3	3.000000
5	d1tjoa_A	1	4	9.000000
5	d1tjoa_A	3	4	12.000000
5	d1tzya_A	2	3	3.000000
5	d1u9la_A	0	1	5.000000
5	d1u9la_A	2	4	8.000000
5	d1ucra_A	0	3	4.000000
5	d1ucra_A	2	3	4.000000
5	d1ufaa1A	0	1	3.000000
5	d1ufaa1A	0	3	5.000000
5	d1ufaa1A	1	3	6.000000
5	d1ufaa1A	3	4	4.000000
5	d1uuja_A	0	1	3.000000
5	d1uuja_A	0	2	3.000000
5	d1uz3a1A	0	1	4.000000
5	d1uz3a1A	0	2	6.000000
5	d1uz3a1A	2	4	4.000000
5	d1v2za_A	1	2	8.000000
5	d1v2za_A	1	3	8.000000
5	d1v2za_A	2	4	6.000000
5	d1vi0a2A	0	2	3.000000
5	d1vi0a2A	0	3	5.000000
5	d1vi0a2A	2	3	5.000000
5	d1vi0a2A	0	4	4.000000
5	d1vk5a_A	1	2	5.000000
5	d1vk5a_A	1	3	4.000000
5	d1vk5a_A	2	3	5.000000
5	d1vk5a_A	0	4	5.000000
5	d1vlba1A	1	2	3.000000
5	d1vlba1A	0	3	8.000000
5	d1vlba1A	1	3	4.000000
5	d1vlba1A	2	3	4.000000
5	d1vlga_A	0	1	15.000000
5	d1vlga_A	0	2	13.000000
5	d1vlga_A	1	2	3.000000
5	d1vlga_A	1	3	10.000000
5	d1vlga_A	2	3	13.000000
5	d1vmaa1A	1	2	4.000000
5	d1vmaa1A	2	3	4.000000
5	d1vmaa1A	3	4	6.000000
5	d1vp6a_A	0	1	4.000000
5	d1vp6a_A	1	3	3.000000
5	d1vp6a_A	3	4	3.000000
5	d1w07a1A	0	1	13.000000
5	d1w07a1A	0	2	9.000000
5	d1w07a1A	1	2	11.000000
5	d1w07a1A	0	3	3.000000
5	d1w07a1A	2	3	5.000000
5	d1wlza1A	1	2	3.000000
5	d1wlza1A	2	3	5.000000
5	d1wlza1A	0	4	3.000000
5	d1wlza1A	1	4	3.000000
5	d1wola_A	0	1	13.000000
5	d1wola_A	0	4	7.000000
5	d1wola_A	1	4	10.000000
5	d1wola_A	3	4	6.000000
5	d1x2ia1A	0	1	4.000000
5	d1x2ia1A	1	2	3.000000
5	d1x91a_A	1	2	9.000000
5	d1x91a_A	2	3	12.000000
5	d1x91a_A	0	4	4.000000
5	d1x91a_A	1	4	8.000000
5	d1x91a_A	3	4	9.000000
5	d1xhna1A	0	4	3.000000
5	d1xk4a1A	1	3	5.000000
5	d1xk4a1A	0	4	3.000000
5	d1xk4a1A	3	4	4.000000
5	d1xvha1A	0	4	3.000000
5	d1xvha1A	3	4	7.000000
5	d1y6ia1A	0	1	5.000000
5	d1y6ia1A	0	2	4.000000
5	d1y6ia1A	1	3	4.000000
5	d1y6ia1A	2	3	3.000000
5	d1y6ia1A	2	4	3.000000
5	d1y6xa1A	0	1	3.000000
5	d1y6xa1A	0	3	4.000000
5	d1y6xa1A	2	3	10.000000
5	d1y9qa1A	1	2	3.000000
5	d1ycca_A	0	4	5.000000
5	d1ycca_A	2	4	3.000000
5	d1yuza1A	0	1	14.000000
5	d1yuza1A	0	2	5.000000
5	d1yuza1A	0	4	4.000000
5	d1yuza1A	1	4	9.000000
5	d1yuza1A	2	4	6.000000
5	d1yuza1A	3	4	7.000000
5	d1z21a1A	0	1	4.000000
5	d1z21a1A	1	2	5.000000
5	d1z21a1A	1	3	4.000000
5	d1z21a1A	2	4	4.000000
5	d1z21a1A	3	4	6.000000
5	d1z3xa1A	0	1	6.000000
5	d1z3xa1A	1	3	3.000000
5	d1z3xa1A	2	3	4.000000
5	d1z3xa1A	3	4	3.000000
5	d1zara1A	1	2	3.000000
5	d1zara1A	2	3	3.000000
5	d1zara1A	0	4	5.000000
5	d1zara1A	1	4	3.000000
5	d1zh5a1A	0	3	3.000000
5	d1zh5a1A	0	4	5.000000
5	d1zk8a2A	0	3	5.000000
5	d1zk8a2A	2	3	5.000000
5	d1zk8a2A	0	4	5.000000
5	d1zk8a2A	3	4	6.000000
5	d1zkra1A	0	1	3.000000
5	d1zkra1A	1	2	7.000000
5	d1zkra1A	0	3	4.000000
5	d1zs4a1A	1	2	3.000000
5	d1zs4a1A	0	3	6.000000
5	d1ztda1A	0	2	9.000000
5	d1ztda1A	1	2	4.000000
5	d1ztda1A	0	3	5.000000
5	d1ztda1A	1	4	8.000000
5	d1ztda1A	2	4	3.000000
5	d1ztda1A	3	4	3.000000
5	d256ba_A	0	1	7.000000
5	d256ba_A	1	2	8.000000
5	d256ba_A	2	3	3.000000
5	d256ba_A	2	4	6.000000
5	d2aiba_A	1	3	4.000000
5	d2aiba_A	2	3	3.000000
5	d2aiba_A	2	4	3.000000
5	d2aiba_A	3	4	4.000000
5	d2ap3a1A	1	2	10.000000
5	d2ap3a1A	2	3	18.000000
5	d2ap3a1A	3	4	19.000000
5	d2b0ja1A	1	2	5.000000
5	d2b4jc1C	0	1	6.000000
5	d2b4jc1C	0	3	4.000000
5	d2b4jc1C	1	4	4.000000
5	d2b4jc1C	3	4	4.000000
5	d2b4va1A	0	1	3.000000
5	d2b4va1A	0	2	5.000000
5	d2b4va1A	1	2	5.000000
5	d2b4va1A	2	4	6.000000
5	d2b5aa1A	1	2	4.000000
5	d2b5aa1A	0	4	3.000000
5	d2bh4x_X	1	3	3.000000
5	d2bh4x_X	2	3	3.000000
5	d2bh4x_X	0	4	5.000000
5	d2bh4x_X	2	4	3.000000
5	d2bs2a1A	0	1	9.000000
5	d2bs2a1A	0	2	6.000000
5	d2bs2a1A	1	2	8.000000
5	d2bs2a1A	3	4	3.000000
5	d2c0ga1A	0	2	3.000000
5	d2c0ga1A	1	2	6.000000
5	d2c0ga1A	2	4	4.000000
5	d2c0ga1A	3	4	4.000000
5	d2c41a_A	0	1	12.000000
5	d2c41a_A	0	2	3.000000
5	d2c41a_A	0	3	11.000000
5	d2c41a_A	0	4	3.000000
5	d2c41a_A	1	4	13.000000
5	d2c41a_A	3	4	13.000000
5	d2c4ja1A	0	1	7.000000
5	d2c4ja1A	0	2	8.000000
5	d2c4ja1A	1	2	3.000000
5	d2c4ja1A	2	3	4.000000
5	d2cf7a_A	0	1	11.000000
5	d2cf7a_A	0	3	11.000000
5	d2cf7a_A	1	3	5.000000
5	d2cf7a_A	1	4	9.000000
5	d2cf7a_A	3	4	12.000000
5	d2choa1A	1	2	13.000000
5	d2choa1A	2	3	12.000000
5	d2choa1A	0	4	6.000000
5	d2ciwa2A	0	1	4.000000
5	d2ciwa2A	1	2	4.000000
5	d2ciwa2A	2	4	6.000000
5	d2cwya1A	0	1	3.000000
5	d2cwya1A	1	2	9.000000
5	d2cwya1A	2	3	6.000000
5	d2cwya1A	2	4	5.000000
5	d2d29a1A	0	1	9.000000
5	d2d29a1A	0	2	10.000000
5	d2d29a1A	1	2	10.000000
5	d2d29a1A	0	3	4.000000
5	d2d29a1A	2	3	4.000000
5	d2e2dc_C	0	2	3.000000
5	d2es9a1A	0	1	3.000000
5	d2es9a1A	1	3	4.000000
5	d2es9a1A	2	3	5.000000
5	d2es9a1A	0	4	4.000000
5	d2etsa1A	1	3	5.000000
5	d2etsa1A	0	4	10.000000
5	d2etsa1A	3	4	6.000000
5	d2f22a1A	0	2	4.000000
5	d2f22a1A	1	2	11.000000
5	d2f22a1A	0	3	5.000000
5	d2f22a1A	1	3	8.000000
5	d2f22a1A	0	4	4.000000
5	d2fefa1A	0	1	6.000000
5	d2fefa1A	1	3	9.000000
5	d2fefa1A	3	4	13.000000
5	d2fl7a_A	0	2	5.000000
5	d2fl7a_A	3	4	4.000000
5	d2fmpa1A	0	1	6.000000
5	d2fmpa1A	0	3	4.000000
5	d2fmpa1A	1	3	3.000000
5	d2fmpa1A	2	3	4.000000
5	d2fmpa1A	0	4	4.000000
5	d2fmpa2A	0	1	4.000000
5	d2fupa1A	0	1	12.000000
5	d2fupa1A	0	3	12.000000
5	d2fupa1A	1	4	3.000000
5	d2fupa1A	3	4	4.000000
5	d2g2da_A	0	1	9.000000
5	d2g2da_A	0	3	10.000000
5	d2g2da_A	2	4	8.000000
5	d2g2da_A	3	4	8.000000
5	d2g3ba2A	1	3	4.000000
5	d2g3ba2A	0	4	6.000000
5	d2g3ba2A	3	4	4.000000
5	d2g5ca1A	1	3	4.000000
5	d2g7sa2A	1	2	3.000000
5	d2g7sa2A	0	3	3.000000
5	d2g7sa2A	2	3	10.000000
5	d2g7sa2A	0	4	6.000000
5	d2g7sa2A	3	4	5.000000
5	d2gaua2A	1	3	3.000000
5	d2gena2A	0	3	6.000000
5	d2gena2A	0	4	6.000000
5	d2gena2A	3	4	4.000000
5	d2gnoa1A	0	2	4.000000
5	d2gnoa1A	0	4	4.000000
5	d2gnoa1A	1	4	4.000000
5	d2gnoa1A	2	4	5.000000
5	d2grca_A	0	2	4.000000
5	d2grca_A	2	3	4.000000
5	d2grca_A	0	4	4.000000
5	d2grca_A	3	4	7.000000
5	d2gyqa1A	0	1	14.000000
5	d2gyqa1A	0	2	3.000000
5	d2gyqa1A	0	3	11.000000
5	d2gyqa1A	1	4	11.000000
5	d2gyqa1A	3	4	11.000000
5	d2hkva1A	1	2	3.000000
5	d2hkva1A	0	3	6.000000
5	d2hkva1A	1	3	7.000000
5	d2hkva1A	0	4	8.000000
5	d2hkva1A	1	4	12.000000
5	d2hyja2A	0	3	5.000000
5	d2hyja2A	2	3	3.000000
5	d2hyja2A	0	4	5.000000
5	d2hyja2A	3	4	4.000000
5	d2hzta1A	1	3	5.000000
5	d2i10a1A	0	1	4.000000
5	d2i10a1A	0	3	5.000000
5	d2i9ca1A	0	1	8.000000
5	d2i9ca1A	0	2	3.000000
5	d2i9ca1A	2	3	4.000000
5	d2i9ca1A	2	4	4.000000
5	d2i9ca1A	3	4	8.000000
5	d2icta_A	1	2	4.000000
5	d2icta_A	1	3	3.000000
5	d2id3a2A	0	2	4.000000
5	d2id3a2A	0	3	6.000000
5	d2id3a2A	2	3	5.000000
5	d2id3a2A	0	4	6.000000
5	d2id3a2A	3	4	3.000000
5	d2id6a2A	0	3	5.000000
5	d2id6a2A	0	4	7.000000
5	d2id6a2A	3	4	5.000000
5	d2imla1A	1	2	5.000000
5	d2imla1A	2	3	9.000000
5	d2imla1A	1	4	6.000000
5	d2imla1A	2	4	3.000000
5	d2imla1A	3	4	4.000000
5	d2iu5a2A	0	2	6.000000
5	d2iu5a2A	2	3	10.000000
5	d2ivxa2A	0	1	5.000000
5	d2ivxa2A	0	2	5.000000
5	d2ivxa2A	1	2	7.000000
5	d2ivxa2A	2	3	6.000000
5	d2ivxa2A	1	4	5.000000
5	d2liga_A	0	1	14.000000
5	d2liga_A	0	2	8.000000
5	d2liga_A	1	2	7.000000
5	d2liga_A	2	3	3.000000
5	d2liga_A	0	4	9.000000
5	d2lisa_A	0	1	11.000000
5	d2lisa_A	0	2	7.000000
5	d2lisa_A	1	2	4.000000
5	d2lisa_A	1	4	4.000000
5	d2nnua_A	0	1	10.000000
5	d2nnua_A	1	2	13.000000
5	d2np5a2A	0	4	3.000000
5	d2np5a2A	3	4	7.000000
5	d2nr4a1A	1	2	7.000000
5	d2nr4a1A	2	3	8.000000
5	d2nr4a1A	1	4	8.000000
5	d2nr4a1A	2	4	4.000000
5	d2nr4a1A	3	4	3.000000
5	d2nsfa1A	1	2	4.000000
5	d2nsfa1A	0	3	6.000000
5	d2nsfa1A	1	3	6.000000
5	d2nsfa1A	0	4	6.000000
5	d2nsfa1A	1	4	6.000000
5	d2nsfa1A	3	4	3.000000
5	d2o37a_A	0	2	7.000000
5	d2o37a_A	1	2	5.000000
5	d2o37a_A	3	4	3.000000
5	d2o3la1A	0	1	3.000000
5	d2o3la1A	0	2	5.000000
5	d2o3la1A	1	2	7.000000
5	d2o3la1A	1	4	6.000000
5	d2o3la1A	2	4	4.000000
5	d2o4aa_A	1	2	4.000000
5	d2o4aa_A	1	3	4.000000
5	d2o4aa_A	1	4	3.000000
5	d2o4ta1A	0	1	8.000000
5	d2o4ta1A	0	3	4.000000
5	d2ofya1A	1	2	4.000000
5	d2ooca1A	1	2	6.000000
5	d2ooca1A	2	3	6.000000
5	d2ooca1A	1	4	7.000000
5	d2p6va1A	0	3	8.000000
5	d2p6va1A	1	4	3.000000
5	d2piha1A	2	3	9.000000
5	d2ppxa1A	0	2	3.000000
5	d2ppxa1A	1	2	4.000000
5	d2ppxa1A	3	4	3.000000
5	d2r1jl_L	1	2	4.000000
5	d2r1jl_L	1	3	3.000000
5	d2r1jl_L	0	4	4.000000
5	d2r1jl_L	3	4	3.000000
5	d2v5fa_A	0	1	9.000000
5	d2v5fa_A	1	2	8.000000
5	d2v5fa_A	2	3	8.000000
5	d2v5fa_A	3	4	7.000000
5	d2xi8a_A	1	2	4.000000
5	d2xkia_A	0	1	8.000000
5	d2xkia_A	0	3	6.000000
5	d2xkia_A	3	4	5.000000
5	d2y3qa_A	0	1	14.000000
5	d2y3qa_A	0	2	12.000000
5	d2y3qa_A	1	2	5.000000
5	d2y3qa_A	1	3	9.000000
5	d2y3qa_A	2	3	12.000000
5	d2z0ta_A	1	3	4.000000
5	d2zong_G	0	4	6.000000
5	d2zong_G	3	4	5.000000
5	d2zoya2A	0	3	5.000000
5	d2zxya_A	0	4	4.000000
5	d2zxya_A	2	4	4.000000
5	d3a77a_A	1	3	4.000000
5	d3a77a_A	1	4	5.000000
5	d3ag3e_E	0	1	4.000000
5	d3ag3e_E	0	2	6.000000
5	d3ag3e_E	1	2	3.000000
5	d3ag3e_E	2	3	4.000000
5	d3ag3e_E	2	4	5.000000
5	d3ag3e_E	3	4	5.000000
5	d3ak8i_I	0	1	12.000000
5	d3ak8i_I	1	3	4.000000
5	d3ak8i_I	1	4	11.000000
5	d3ak8i_I	3	4	9.000000
5	d3bs5b_B	0	1	3.000000
5	d3bs5b_B	3	4	4.000000
5	d3buxb1B	0	1	4.000000
5	d3buxb1B	1	2	4.000000
5	d3buxb1B	0	3	3.000000
5	d3buxb2B	0	1	7.000000
5	d3buxb2B	0	3	8.000000
5	d3buxb2B	3	4	10.000000
5	d3ci3a_A	0	1	7.000000
5	d3ci3a_A	0	3	11.000000
5	d3ci3a_A	1	4	5.000000
5	d3ci3a_A	2	4	9.000000
5	d3ci3a_A	3	4	11.000000
5	d3d7ca_A	0	2	4.000000
5	d3d7ca_A	3	4	7.000000
5	d3df8a_A	1	3	3.000000
5	d3df8a_A	2	3	3.000000
5	d3df8a_A	1	4	4.000000
5	d3e6sa_A	0	1	17.000000
5	d3e6sa_A	0	2	13.000000
5	d3e6sa_A	1	2	7.000000
5	d3e6sa_A	1	3	7.000000
5	d3e6sa_A	2	3	12.000000
5	d3flga_A	3	4	8.000000
5	d3kwoa_A	0	1	14.000000
5	d3kwoa_A	0	3	11.000000
5	d3kwoa_A	1	3	5.000000
5	d3kwoa_A	1	4	5.000000
5	d3kwoa_A	3	4	11.000000
5	d3lhra_A	0	1	5.000000
5	d3lhra_A	3	4	3.000000
5	d3nxba_A	0	2	4.000000
5	d3nxba_A	2	3	4.000000
5	d3nxba_A	0	4	5.000000
5	d3nxba_A	3	4	10.000000
5	d3obca_A	0	3	4.000000
5	d3obca_A	1	3	9.000000
5	d3q20a_A	0	3	6.000000
5	d3s8qa_A	1	2	4.000000
5	d3s8qa_A	0	4	5.000000
5	d3tdta_A	0	1	4.000000
5	d3tdta_A	0	2	4.000000
5	d3tdta_A	1	2	5.000000
5	d3umha_A	2	3	12.000000
6	d1b0ba_A	0	2	7.000000
6	d1b0ba_A	3	5	3.000000
6	d1b0ba_A	4	5	6.000000
6	d1bgca_A	0	4	10.000000
6	d1bgca_A	3	4	11.000000
6	d1bgca_A	0	5	12.000000
6	d1bgca_A	3	5	6.000000
6	d1cg5a_A	1	2	9.000000
6	d1cg5a_A	1	4	6.000000
6	d1cg5a_A	0	5	3.000000
6	d1cg5a_A	4	5	5.000000
6	d1cqxa1A	1	4	8.000000
6	d1d2za_A	0	3	5.000000
6	d1d2za_A	2	3	5.000000
6	d1d2za_A	0	5	3.000000
6	d1dvka_A	1	2	4.000000
6	d1dvka_A	1	3	5.000000
6	d1dvka_A	3	4	6.000000
6	d1dvka_A	1	5	4.000000
6	d1dvka_A	2	5	6.000000
6	d1dvka_A	4	5	5.000000
6	d1dvoa_A	1	3	5.000000
6	d1dvoa_A	2	3	4.000000
6	d1dvoa_A	4	5	5.000000
6	d1eg3a1A	2	3	4.000000
6	d1eg3a1A	3	4	5.000000
6	d1eg3a1A	4	5	5.000000
6	d1f1ea_A	0	1	4.000000
6	d1f1ea_A	1	4	5.000000
6	d1f1ea_A	4	5	7.000000
6	d1f1ma_A	1	2	8.000000
6	d1f1ma_A	0	5	8.000000
6	d1f1ma_A	2	5	5.000000
6	d1fioa_A	0	1	17.000000
6	d1fioa_A	1	2	6.000000
6	d1fioa_A	1	5	6.000000
6	d1fioa_A	2	5	15.000000
6	d1fp2a1A	1	4	3.000000
6	d1g8ea_A	0	3	4.000000
6	d1gaka_A	0	1	6.000000
6	d1gaka_A	0	3	8.000000
6	d1gaka_A	2	3	4.000000
6	d1gaka_A	0	4	5.000000
6	d1gaka_A	1	4	6.000000
6	d1gaka_A	1	5	3.000000
6	d1go3f_F	0	1	4.000000
6	d1go3f_F	2	3	3.000000
6	d1h3na1A	1	2	9.000000
6	d1h3na1A	0	3	3.000000
6	d1h3na1A	2	3	4.000000
6	d1h3na1A	3	4	3.000000
6	d1h4ra1A	2	4	5.000000
6	d1h4ra1A	1	5	6.000000
6	d1h4ra1A	2	5	6.000000
6	d1h97a_A	1	2	6.000000
6	d1h97a_A	2	3	4.000000
6	d1h97a_A	1	4	5.000000
6	d1h97a_A	0	5	6.000000
6	d1h97a_A	4	5	8.000000
6	d1hf8a2A	0	1	4.000000
6	d1hf8a2A	3	5	8.000000
6	d1iqca1A	0	4	5.000000
6	d1iqca1A	0	5	6.000000
6	d1iqca1A	2	5	7.000000
6	d1iqva_A	0	1	5.000000
6	d1iqva_A	1	4	7.000000
6	d1iqva_A	2	4	3.000000
6	d1iqva_A	3	4	7.000000
6	d1iqva_A	3	5	3.000000
6	d1it2a_A	1	2	5.000000
6	d1it2a_A	1	4	7.000000
6	d1it2a_A	3	5	3.000000
6	d1it2a_A	4	5	3.000000
6	d1jhda1A	2	3	4.000000
6	d1jhda1A	3	4	3.000000
6	d1jhga_A	2	4	3.000000
6	d1jhga_A	3	4	3.000000
6	d1jlva1A	1	2	6.000000
6	d1jlva1A	3	5	3.000000
6	d1kola1A	0	5	3.000000
6	d1ks9a1A	0	1	7.000000
6	d1ks9a1A	0	2	5.000000
6	d1ks9a1A	1	2	4.000000
6	d1ks9a1A	1	4	4.000000
6	d1ks9a1A	4	5	3.000000
6	d1lb3a_A	0	1	14.000000
6	d1lb3a_A	0	2	9.000000
6	d1lb3a_A	1	2	5.000000
6	d1lb3a_A	2	4	9.000000
6	d1lj9a_A	1	2	3.000000
6	d1lj9a_A	1	3	5.000000
6	d1lj9a_A	2	3	3.000000
6	d1lj9a_A	1	4	3.000000
6	d1m0ua1A	0	2	5.000000
6	d1m0ua1A	0	3	8.000000
6	d1m0ua1A	2	4	4.000000
6	d1m0ua1A	3	4	4.000000
6	d1m15a1A	0	3	5.000000
6	d1m15a1A	1	5	4.000000
6	d1m48a_A	0	4	5.000000
6	d1m48a_A	3	4	5.000000
6	d1m48a_A	0	5	8.000000
6	d1m6ya1A	1	2	7.000000
6	d1m6ya1A	2	3	3.000000
6	d1mija_A	2	3	6.000000
6	d1mija_A	2	4	7.000000
6	d1mija_A	3	4	4.000000
6	d1mija_A	4	5	3.000000
6	d1n2aa1A	0	3	4.000000
6	d1n2aa1A	1	3	4.000000
6	d1n2aa1A	3	4	3.000000
6	d1n8va_A	0	3	3.000000
6	d1n8va_A	3	5	4.000000
6	d1niga_A	0	1	8.000000
6	d1niga_A	0	4	13.000000
6	d1niga_A	1	5	7.000000
6	d1niga_A	2	5	5.000000
6	d1niga_A	4	5	9.000000
6	d1nzna_A	0	1	6.000000
6	d1nzna_A	1	2	9.000000
6	d1nzna_A	1	3	3.000000
6	d1nzna_A	2	3	6.000000
6	d1nzna_A	3	4	6.000000
6	d1nzna_A	3	5	5.000000
6	d1nzna_A	4	5	6.000000
6	d1o82a_A	1	5	3.000000
6	d1oe8a1A	0	2	8.000000
6	d1oe8a1A	0	3	6.000000
6	d1oe8a1A	3	4	4.000000
6	d1oe8a1A	4	5	4.000000
6	d1oeja_A	2	3	4.000000
6	d1oeja_A	2	5	3.000000
6	d1ofcx2X	1	2	3.000000
6	d1ofcx2X	2	3	5.000000
6	d1ofcx2X	2	5	4.000000
6	d1okta1A	1	2	3.000000
6	d1okta1A	0	3	8.000000
6	d1okta1A	2	4	4.000000
6	d1okta1A	3	4	5.000000
6	d1ooha_A	2	5	5.000000
6	d1ooha_A	4	5	3.000000
6	d1oyga_A	0	4	3.000000
6	d1p28a_A	0	1	4.000000
6	d1p28a_A	0	2	7.000000
6	d1p28a_A	1	2	4.000000
6	d1p28a_A	2	5	5.000000
6	d1p28a_A	4	5	5.000000
6	d1pi1a_A	1	2	6.000000
6	d1pi1a_A	1	3	7.000000
6	d1pi1a_A	2	3	6.000000
6	d1pi1a_A	1	4	5.000000
6	d1pi1a_A	3	4	7.000000
6	d1q06a_A	2	3	6.000000
6	d1qksa1A	1	5	5.000000
6	d1qksa1A	4	5	6.000000
6	d1qwra_A	3	4	3.000000
6	d1qwra_A	3	5	3.000000
6	d1r0da_A	0	1	11.000000
6	d1r0da_A	0	3	11.000000
6	d1r0da_A	1	4	7.000000
6	d1r0da_A	3	4	9.000000
6	d1r0da_A	1	5	13.000000
6	d1r0da_A	4	5	11.000000
6	d1rkta2A	2	3	7.000000
6	d1rkta2A	0	5	6.000000
6	d1rkta2A	3	5	6.000000
6	d1rssa_A	0	1	4.000000
6	d1rssa_A	0	3	5.000000
6	d1rssa_A	1	4	6.000000
6	d1rssa_A	2	4	3.000000
6	d1rssa_A	3	4	3.000000
6	d1rxwa1A	0	1	4.000000
6	d1rxwa1A	1	2	5.000000
6	d1rxwa1A	0	3	3.000000
6	d1rxwa1A	4	5	3.000000
6	d1s4ka_A	0	2	3.000000
6	d1s4ka_A	1	2	3.000000
6	d1s4ka_A	3	5	8.000000
6	d1sd4a_A	0	1	3.000000
6	d1sd4a_A	0	2	3.000000
6	d1sd4a_A	1	2	4.000000
6	d1seda_A	2	3	3.000000
6	d1seda_A	1	4	5.000000
6	d1seda_A	3	5	4.000000
6	d1seda_A	4	5	6.000000
6	d1sqga1A	0	2	7.000000
6	d1sqga1A	1	2	5.000000
6	d1sqga1A	0	3	6.000000
6	d1sqga1A	2	3	9.000000
6	d1sqga1A	3	4	6.000000
6	d1sqga1A	3	5	6.000000
6	d1sqga1A	4	5	5.000000
6	d1sraa_A	0	1	4.000000
6	d1sraa_A	0	2	4.000000
6	d1sraa_A	0	3	4.000000
6	d1sraa_A	4	5	3.000000
6	d1szha_A	0	1	3.000000
6	d1szha_A	0	2	4.000000
6	d1szha_A	3	4	4.000000
6	d1tdha1A	2	5	7.000000
6	d1tu7a1A	0	2	4.000000
6	d1tu7a1A	0	3	7.000000
6	d1tu7a1A	2	4	3.000000
6	d1tu7a1A	3	4	5.000000
6	d1tw9a1A	0	2	6.000000
6	d1tw9a1A	0	3	4.000000
6	d1tw9a1A	2	4	3.000000
6	d1tw9a1A	3	4	5.000000
6	d1u2wa1A	1	2	3.000000
6	d1u2wa1A	2	4	4.000000
6	d1u2wa1A	3	4	4.000000
6	d1u2wa1A	2	5	5.000000
6	d1u61a_A	0	1	4.000000
6	d1u61a_A	0	4	8.000000
6	d1u61a_A	2	4	5.000000
6	d1u61a_A	3	4	7.000000
6	d1u61a_A	0	5	6.000000
6	d1u61a_A	2	5	4.000000
6	d1u61a_A	4	5	5.000000
6	d1u7ka_A	0	2	3.000000
6	d1u7ka_A	1	2	3.000000
6	d1u7ka_A	1	5	5.000000
6	d1u7ka_A	3	5	5.000000
6	d1vkea_A	2	3	6.000000
6	d1vkea_A	2	4	5.000000
6	d1vkea_A	3	5	7.000000
6	d1vkea_A	4	5	4.000000
6	d1vpda1A	0	2	3.000000
6	d1vpda1A	0	4	4.000000
6	d1vpda1A	3	4	5.000000
6	d1vpda1A	0	5	4.000000
6	d1vpda1A	4	5	3.000000
6	d1wwia1A	1	3	3.000000
6	d1wwia1A	0	4	8.000000
6	d1wwia1A	1	4	3.000000
6	d1wwia1A	2	4	6.000000
6	d1x6va1A	4	5	4.000000
6	d1xg2b_B	2	3	10.000000
6	d1xg2b_B	3	4	10.000000
6	d1xg2b_B	2	5	10.000000
6	d1xg2b_B	4	5	10.000000
6	d1xsva_A	0	1	4.000000
6	d1xsva_A	0	3	6.000000
6	d1xsva_A	1	3	5.000000
6	d1xsva_A	4	5	5.000000
6	d1yoza1A	2	3	8.000000
6	d1yoza1A	0	4	3.000000
6	d1yoza1A	2	5	6.000000
6	d1yoza1A	3	5	6.000000
6	d1yqga1A	1	2	6.000000
6	d1yqga1A	0	5	6.000000
6	d1yvia1A	2	3	9.000000
6	d1yvia1A	3	4	7.000000
6	d1yvia1A	2	5	12.000000
6	d1z6oa1A	0	1	11.000000
6	d1z6oa1A	0	2	9.000000
6	d1z6oa1A	2	4	8.000000
6	d1z6oa1A	4	5	4.000000
6	d1z6om1M	0	1	14.000000
6	d1z6om1M	0	2	12.000000
6	d1z6om1M	1	2	4.000000
6	d2a0ba_A	2	3	7.000000
6	d2a0ba_A	3	4	5.000000
6	d2a0ba_A	2	5	9.000000
6	d2a0ba_A	4	5	8.000000
6	d2a9ia_A	1	2	3.000000
6	d2a9ia_A	0	3	4.000000
6	d2a9ia_A	1	3	3.000000
6	d2a9ia_A	0	5	4.000000
6	d2a9ia_A	4	5	4.000000
6	d2a9ua1A	1	2	8.000000
6	d2a9ua1A	3	4	3.000000
6	d2ahra1A	1	2	5.000000
6	d2ahra1A	0	5	5.000000
6	d2arza1A	4	5	3.000000
6	d2au5a1A	0	2	8.000000
6	d2au5a1A	0	3	5.000000
6	d2au5a1A	0	4	7.000000
6	d2au5a1A	3	4	6.000000
6	d2c12a1A	0	1	11.000000
6	d2c12a1A	0	2	12.000000
6	d2c12a1A	1	2	11.000000
6	d2c12a1A	2	3	3.000000
6	d2c8sa1A	1	4	8.000000
6	d2c8sa1A	3	4	4.000000
6	d2cchb1B	1	2	4.000000
6	d2cchb1B	2	3	8.000000
6	d2cchb1B	3	5	5.000000
6	d2cvda1A	0	2	5.000000
6	d2cvda1A	0	3	6.000000
6	d2cvda1A	3	4	5.000000
6	d2d5ba1A	0	4	5.000000
6	d2d5ba1A	2	4	7.000000
6	d2f2ea1A	1	2	3.000000
6	d2f2ea1A	2	3	4.000000
6	d2f2ea1A	1	5	3.000000
6	d2fbha1A	1	2	3.000000
6	d2fbha1A	1	3	4.000000
6	d2fbha1A	1	4	6.000000
6	d2fbqa2A	0	5	8.000000
6	d2fbqa2A	3	5	6.000000
6	d2fd5a2A	0	4	5.000000
6	d2fd5a2A	3	4	4.000000
6	d2fd5a2A	4	5	5.000000
6	d2fq4a2A	0	3	4.000000
6	d2fq4a2A	0	4	4.000000
6	d2fq4a2A	3	4	6.000000
6	d2fq4a2A	0	5	5.000000
6	d2g3ha_A	0	2	4.000000
6	d2g3ha_A	1	2	5.000000
6	d2g3ha_A	2	3	5.000000
6	d2g3ha_A	1	4	5.000000
6	d2g3ha_A	0	5	5.000000
6	d2g3ha_A	3	5	4.000000
6	d2g3ha_A	4	5	6.000000
6	d2g7ga2A	0	3	6.000000
6	d2g7ga2A	2	3	5.000000
6	d2g7ga2A	0	5	8.000000
6	d2g7ga2A	3	5	8.000000
6	d2g9wa1A	0	1	3.000000
6	d2g9wa1A	1	2	4.000000
6	d2ga1a1A	2	5	3.000000
6	d2ga1a1A	4	5	4.000000
6	d2gdma_A	0	2	6.000000
6	d2gdma_A	0	4	3.000000
6	d2gdma_A	1	4	7.000000
6	d2gdma_A	2	5	5.000000
6	d2gdma_A	3	5	3.000000
6	d2gdma_A	4	5	11.000000
6	d2gfna2A	0	2	6.000000
6	d2gfna2A	2	3	6.000000
6	d2gfna2A	0	5	4.000000
6	d2gfna2A	3	5	4.000000
6	d2hqta1A	2	5	5.000000
6	d2hqta1A	3	5	5.000000
6	d2ijqa1A	0	1	6.000000
6	d2ijqa1A	1	2	8.000000
6	d2ijqa1A	2	3	9.000000
6	d2ijqa1A	3	4	7.000000
6	d2ijqa1A	0	5	4.000000
6	d2jdia1A	0	1	7.000000
6	d2jdia1A	0	2	5.000000
6	d2jdia1A	1	2	3.000000
6	d2jdia1A	3	5	4.000000
6	d2jdid1D	1	2	9.000000
6	d2jdid1D	2	4	4.000000
6	d2o3fa1A	0	1	3.000000
6	d2o3fa1A	1	4	5.000000
6	d2o3fa1A	0	5	4.000000
6	d2o3fa1A	2	5	4.000000
6	d2oeba1A	0	3	4.000000
6	d2oeba1A	1	3	8.000000
6	d2oeba1A	2	3	5.000000
6	d2oeba1A	0	5	7.000000
6	d2oeba1A	1	5	6.000000
6	d2oeba1A	3	5	5.000000
6	d2oeea1A	1	2	4.000000
6	d2oeea1A	1	4	5.000000
6	d2okua1A	2	3	3.000000
6	d2okua1A	3	4	8.000000
6	d2okua1A	4	5	7.000000
6	d2ou6a1A	1	2	3.000000
6	d2ou6a1A	0	3	5.000000
6	d2ou6a1A	1	3	9.000000
6	d2ou6a1A	1	5	10.000000
6	d2pqra_A	1	2	7.000000
6	d2pqra_A	2	3	9.000000
6	d2pqra_A	2	4	3.000000
6	d2pqra_A	3	4	7.000000
6	d2pqra_A	4	5	5.000000
6	d2pvba_A	0	1	3.000000
6	d2pvba_A	3	4	5.000000
6	d2pvba_A	1	5	3.000000
6	d2pvba_A	2	5	5.000000
6	d2pyqa1A	3	4	3.000000
6	d2pyqa1A	1	5	4.000000
6	d2pyqa1A	4	5	5.000000
6	d2q66a1A	0	1	5.000000
6	d2q66a1A	0	2	5.000000
6	d2q66a1A	1	2	4.000000
6	d2q66a1A	2	4	6.000000
6	d2q66a1A	4	5	3.000000
6	d2qjza1A	0	1	3.000000
6	d2qjza1A	1	2	7.000000
6	d2qjza1A	0	4	6.000000
6	d2qjza1A	1	4	6.000000
6	d2r25a_A	1	2	8.000000
6	d2r25a_A	2	3	7.000000
6	d2r25a_A	1	5	8.000000
6	d2r25a_A	3	5	8.000000
6	d2v7fa1A	0	2	6.000000
6	d2v7fa1A	2	3	4.000000
6	d2v7fa1A	2	4	6.000000
6	d2v7fa1A	3	4	5.000000
6	d2v7fa1A	0	5	8.000000
6	d2vkva2A	0	3	6.000000
6	d2vkva2A	0	5	9.000000
6	d2vkva2A	3	5	6.000000
6	d2wy4a_A	0	2	9.000000
6	d2wy4a_A	3	5	6.000000
6	d2wy4a_A	4	5	8.000000
6	d2xiga_A	0	1	4.000000
6	d2xiga_A	1	3	4.000000
6	d2xiga_A	2	3	4.000000
6	d2ykza_A	2	4	7.000000
6	d2ykza_A	4	5	11.000000
6	d2zs0a_A	1	2	7.000000
6	d2zs0a_A	1	4	6.000000
6	d2zs0a_A	0	5	5.000000
6	d2zs0a_A	3	5	4.000000
6	d2zs0a_A	4	5	7.000000
6	d2zs0b_B	1	2	7.000000
6	d2zs0b_B	1	4	7.000000
6	d2zs0b_B	0	5	4.000000
6	d2zs0b_B	3	5	4.000000
6	d2zs0b_B	4	5	5.000000
6	d2zs0c_C	1	2	7.000000
6	d2zs0c_C	1	4	7.000000
6	d2zs0c_C	0	5	4.000000
6	d2zs0c_C	3	5	4.000000
6	d2zs0c_C	4	5	5.000000
6	d2zs0d_D	1	2	5.000000
6	d2zs0d_D	1	4	6.000000
6	d2zs0d_D	0	5	3.000000
6	d2zs0d_D	3	5	4.000000
6	d2zs0d_D	4	5	4.000000
6	d3bi1a1A	4	5	5.000000
6	d3boma_A	1	2	7.000000
6	d3boma_A	2	3	4.000000
6	d3boma_A	1	4	6.000000
6	d3boma_A	0	5	6.000000
6	d3boma_A	4	5	6.000000
6	d3bvfa_A	0	1	14.000000
6	d3bvfa_A	0	2	13.000000
6	d3bvfa_A	1	2	3.000000
6	d3bvfa_A	1	4	7.000000
6	d3bvfa_A	2	4	11.000000
6	d3bvfa_A	4	5	7.000000
6	d3cz1a_A	0	2	5.000000
6	d3cz1a_A	1	2	4.000000
6	d3cz1a_A	2	5	4.000000
6	d3cz1a_A	4	5	4.000000
6	d3dlqi_I	0	2	4.000000
6	d3dlqi_I	1	3	4.000000
6	d3dlqi_I	0	4	3.000000
6	d3dlqi_I	1	5	5.000000
6	d3echa_A	1	3	4.000000
6	d3echa_A	0	4	6.000000
6	d3echa_A	1	4	5.000000
6	d3k1ea_A	0	2	6.000000
6	d3k1ea_A	2	5	8.000000
6	d3o0gd_D	0	2	5.000000
6	d3o0gd_D	1	3	5.000000
6	d3o0gd_D	2	3	7.000000
6	d3o0gd_D	3	4	9.000000
6	d3o0gd_D	2	5	6.000000
6	d3oq3a_A	0	3	7.000000
6	d3oq3a_A	1	3	10.000000
6	d3oq3a_A	1	4	7.000000
6	d3oq3a_A	0	5	5.000000
6	d3oq3a_A	1	5	5.000000
6	d3oq3a_A	4	5	6.000000
6	d3p1fa_A	0	3	6.000000
6	d3p1fa_A	3	4	4.000000
6	d3p1fa_A	0	5	6.000000
6	d3p1fa_A	4	5	9.000000
6	d3pvja_A	3	5	3.000000
6	d3r9va_A	1	2	5.000000
6	d3r9va_A	2	4	5.000000
6	d3r9va_A	1	5	13.000000
6	d3u5la_A	0	1	3.000000
6	d3u5la_A	1	3	3.000000
6	d3u5la_A	3	4	4.000000
6	d3u5la_A	1	5	5.000000
6	d3u5la_A	4	5	9.000000
7	d1a9xa1A	0	1	4.000000
7	d1a9xa1A	1	2	3.000000
7	d1a9xa1A	1	3	6.000000
7	d1a9xa1A	5	6	4.000000
7	d1asha_A	1	2	3.000000
7	d1asha_A	1	3	7.000000
7	d1asha_A	3	4	4.000000
7	d1asha_A	1	5	5.000000
7	d1asha_A	3	5	4.000000
7	d1asha_A	0	6	6.000000
7	d1asha_A	4	6	4.000000
7	d1asha_A	5	6	5.000000
7	d1b8da_A	2	3	3.000000
7	d1b8da_A	2	5	3.000000
7	d1b8da_A	5	6	6.000000
7	d1c52a_A	0	4	4.000000
7	d1c52a_A	3	5	3.000000
7	d1c52a_A	4	5	3.000000
7	d1c52a_A	3	6	4.000000
7	d1cg5b_B	1	2	8.000000
7	d1cg5b_B	1	5	6.000000
7	d1cg5b_B	0	6	4.000000
7	d1cg5b_B	5	6	8.000000
7	d1cy5a_A	3	4	4.000000
7	d1cy5a_A	2	5	6.000000
7	d1cy5a_A	5	6	3.000000
7	d1d9ca_A	0	3	5.000000
7	d1d9ca_A	2	3	5.000000
7	d1d9ca_A	2	4	3.000000
7	d1dlwa_A	1	2	7.000000
7	d1dlwa_A	1	4	6.000000
7	d1dlwa_A	4	5	6.000000
7	d1dqea_A	1	3	4.000000
7	d1dqea_A	2	3	3.000000
7	d1dqea_A	4	5	4.000000
7	d1dqea_A	3	6	6.000000
7	d1dqea_A	5	6	5.000000
7	d1ds1a_A	0	3	3.000000
7	d1ds1a_A	1	3	4.000000
7	d1ds1a_A	2	3	3.000000
7	d1ds1a_A	5	6	4.000000
7	d1eexg_G	2	3	7.000000
7	d1eexg_G	4	5	4.000000
7	d1eexg_G	5	6	6.000000
7	d1elra_A	0	1	8.000000
7	d1elra_A	1	2	10.000000
7	d1elra_A	2	3	8.000000
7	d1elra_A	2	4	6.000000
7	d1elra_A	3	4	8.000000
7	d1elra_A	4	5	8.000000
7	d1elra_A	4	6	4.000000
7	d1elra_A	5	6	7.000000
7	d1elwa_A	0	1	8.000000
7	d1elwa_A	1	2	8.000000
7	d1elwa_A	2	3	7.000000
7	d1elwa_A	3	4	7.000000
7	d1elwa_A	4	5	8.000000
7	d1elwa_A	5	6	6.000000
7	d1exra_A	3	6	4.000000
7	d1eyva_A	0	1	3.000000
7	d1eyva_A	0	2	4.000000
7	d1eyva_A	1	2	4.000000
7	d1eyva_A	0	4	8.000000
7	d1eyva_A	2	4	4.000000
7	d1eyva_A	3	4	4.000000
7	d1eyva_A	0	5	5.000000
7	d1eyva_A	4	5	6.000000
7	d1eyva_A	5	6	5.000000
7	d1fc3a_A	0	1	6.000000
7	d1fc3a_A	1	2	4.000000
7	d1fc3a_A	1	3	3.000000
7	d1fc3a_A	2	3	4.000000
7	d1fc3a_A	0	6	3.000000
7	d1fc3a_A	1	6	5.000000
7	d1g8fa1A	3	5	3.000000
7	d1g8fa1A	5	6	4.000000
7	d1gvja_A	1	2	3.000000
7	d1gvja_A	2	3	4.000000
7	d1gvja_A	2	4	3.000000
7	d1h32a1A	1	6	5.000000
7	d1h32a1A	5	6	3.000000
7	d1huwa_A	3	5	7.000000
7	d1huwa_A	0	6	13.000000
7	d1huwa_A	3	6	7.000000
7	d1hw1a2A	2	3	4.000000
7	d1hw1a2A	3	4	10.000000
7	d1hw1a2A	2	5	5.000000
7	d1hw1a2A	3	5	4.000000
7	d1hw1a2A	1	6	7.000000
7	d1izma_A	1	2	3.000000
7	d1izma_A	1	3	6.000000
7	d1izma_A	2	3	4.000000
7	d1izma_A	1	4	11.000000
7	d1izma_A	4	5	3.000000
7	d1izma_A	4	6	6.000000
7	d1izma_A	5	6	7.000000
7	d1jl7a_A	1	3	4.000000
7	d1jl7a_A	0	5	3.000000
7	d1jl7a_A	1	5	8.000000
7	d1jl7a_A	4	6	6.000000
7	d1jl7a_A	5	6	6.000000
7	d1k0ma1A	0	1	8.000000
7	d1k0ma1A	0	3	6.000000
7	d1k0ma1A	3	4	4.000000
7	d1k0ma1A	3	6	3.000000
7	d1k3ya1A	0	3	5.000000
7	d1k3ya1A	3	4	5.000000
7	d1k3ya1A	4	5	4.000000
7	d1mbaa_A	1	3	6.000000
7	d1mbaa_A	1	5	4.000000
7	d1mbaa_A	4	6	4.000000
7	d1mbaa_A	5	6	10.000000
7	d1n1fa_A	0	3	5.000000
7	d1n1fa_A	1	3	5.000000
7	d1n1fa_A	0	5	3.000000
7	d1n1fa_A	2	5	5.000000
7	d1n1fa_A	0	6	5.000000
7	d1naza_A	1	2	3.000000
7	d1naza_A	1	3	7.000000
7	d1naza_A	1	5	7.000000
7	d1naza_A	4	6	6.000000
7	d1ng6a_A	0	1	6.000000
7	d1ng6a_A	2	3	7.000000
7	d1ng6a_A	4	5	5.000000
7	d1ng6a_A	4	6	4.000000
7	d1ofda1A	0	1	4.000000
7	d1ofda1A	0	2	3.000000
7	d1ofda1A	4	5	3.000000
7	d1pprm1M	0	3	6.000000
7	d1pprm1M	2	3	6.000000
7	d1pprm1M	1	4	5.000000
7	d1pprm1M	0	6	7.000000
7	d1q1fa_A	1	3	7.000000
7	d1q1fa_A	0	5	4.000000
7	d1q1fa_A	1	5	7.000000
7	d1q1fa_A	0	6	5.000000
7	d1q1fa_A	5	6	4.000000
7	d1q5za_A	1	5	4.000000
7	d1q5za_A	1	6	5.000000
7	d1q5za_A	4	6	6.000000
7	d1q5za_A	5	6	3.000000
7	d1qh4a1A	2	6	5.000000
7	d1qkra_A	0	1	4.000000
7	d1qkra_A	1	2	7.000000
7	d1qkra_A	2	3	11.000000
7	d1qkra_A	1	6	6.000000
7	d1qkra_A	2	6	4.000000
7	d1qkra_A	3	6	4.000000
7	d1qkra_A	5	6	9.000000
7	d1s0pa_A	0	1	10.000000
7	d1s0pa_A	1	3	6.000000
7	d1s0pa_A	4	5	5.000000
7	d1s0pa_A	0	6	14.000000
7	d1s0pa_A	5	6	9.000000
7	d1s2xa_A	0	3	6.000000
7	d1s2xa_A	3	4	10.000000
7	d1s2xa_A	2	5	4.000000
7	d1s2xa_A	3	6	8.000000
7	d1s2xa_A	4	6	9.000000
7	d1s69a_A	1	2	6.000000
7	d1s69a_A	1	4	9.000000
7	d1s69a_A	4	5	4.000000
7	d1sumb_B	0	1	12.000000
7	d1sumb_B	0	2	11.000000
7	d1sumb_B	1	2	12.000000
7	d1sumb_B	0	3	7.000000
7	d1sumb_B	2	6	16.000000
7	d1sumb_B	3	6	10.000000
7	d1tu9a_A	1	3	5.000000
7	d1tu9a_A	1	5	9.000000
7	d1tu9a_A	0	6	5.000000
7	d1tu9a_A	3	6	4.000000
7	d1tu9a_A	5	6	7.000000
7	d1tzva_A	0	1	4.000000
7	d1tzva_A	0	2	6.000000
7	d1tzva_A	1	2	5.000000
7	d1tzva_A	0	4	6.000000
7	d1tzva_A	2	4	3.000000
7	d1tzva_A	3	4	7.000000
7	d1tzva_A	0	5	6.000000
7	d1tzva_A	4	5	4.000000
7	d1tzva_A	4	6	6.000000
7	d1tzva_A	5	6	8.000000
7	d1u6za1A	1	2	5.000000
7	d1u6za1A	2	4	5.000000
7	d1u6za1A	3	4	5.000000
7	d1u6za1A	1	5	6.000000
7	d1u6za1A	2	5	3.000000
7	d1u6za1A	5	6	5.000000
7	d1urva_A	1	2	3.000000
7	d1urva_A	1	3	5.000000
7	d1urva_A	1	5	9.000000
7	d1urva_A	0	6	4.000000
7	d1urva_A	4	6	4.000000
7	d1vpra1A	0	4	4.000000
7	d1wpba_A	0	1	6.000000
7	d1wpba_A	3	4	5.000000
7	d1wpba_A	3	5	5.000000
7	d1wpba_A	5	6	3.000000
7	d1xlya_A	0	1	10.000000
7	d1xlya_A	0	2	9.000000
7	d1xlya_A	0	4	5.000000
7	d1xlya_A	0	6	12.000000
7	d1xlya_A	4	6	12.000000
7	d1ynba1A	1	2	6.000000
7	d1ynba1A	1	5	10.000000
7	d1ynba1A	5	6	5.000000
7	d2a61a1A	2	3	3.000000
7	d2a61a1A	2	4	3.000000
7	d2a61a1A	3	4	4.000000
7	d2ao9a1A	1	2	3.000000
7	d2ao9a1A	0	4	3.000000
7	d2ao9a1A	1	4	6.000000
7	d2ao9a1A	5	6	4.000000
7	d2apla1A	0	1	9.000000
7	d2apla1A	0	2	6.000000
7	d2apla1A	1	2	6.000000
7	d2apla1A	3	4	5.000000
7	d2apla1A	3	6	4.000000
7	d2apla1A	5	6	5.000000
7	d2bkma_A	1	2	5.000000
7	d2bkma_A	2	3	5.000000
7	d2bkma_A	5	6	5.000000
7	d2cchb2B	0	1	3.000000
7	d2cchb2B	0	3	6.000000
7	d2cchb2B	1	3	10.000000
7	d2cchb2B	3	5	7.000000
7	d2cchb2B	1	6	4.000000
7	d2cj4a_A	0	1	5.000000
7	d2cj4a_A	2	4	3.000000
7	d2cj4a_A	3	5	4.000000
7	d2cj4a_A	4	5	4.000000
7	d2cj4a_A	1	6	3.000000
7	d2cj4a_A	2	6	8.000000
7	d2cj4a_A	5	6	9.000000
7	d2cvza1A	2	3	3.000000
7	d2cvza1A	0	4	5.000000
7	d2cvza1A	0	5	3.000000
7	d2cvza1A	4	5	7.000000
7	d2cwqa1A	1	2	3.000000
7	d2cwqa1A	3	4	5.000000
7	d2cwqa1A	3	5	6.000000
7	d2cxya_A	1	2	3.000000
7	d2cxya_A	4	5	5.000000
7	d2cxya_A	1	6	4.000000
7	d2f1ka1A	1	3	3.000000
7	d2f1ka1A	1	5	3.000000
7	d2fbna1A	0	1	7.000000
7	d2fbna1A	0	2	9.000000
7	d2fbna1A	1	2	7.000000
7	d2fbna1A	2	3	7.000000
7	d2fbna1A	3	4	6.000000
7	d2fbna1A	4	5	6.000000
7	d2fbna1A	4	6	6.000000
7	d2fbna1A	5	6	9.000000
7	d2fnoa1A	0	2	6.000000
7	d2fnoa1A	1	3	4.000000
7	d2fnoa1A	2	3	3.000000
7	d2fnoa1A	2	4	6.000000
7	d2h5na1A	0	1	4.000000
7	d2h5na1A	0	2	4.000000
7	d2h5na1A	0	3	5.000000
7	d2h5na1A	0	4	5.000000
7	d2h5na1A	1	4	3.000000
7	d2h5na1A	4	6	4.000000
7	d2hkua2A	1	2	4.000000
7	d2hkua2A	1	4	4.000000
7	d2hkua2A	2	4	6.000000
7	d2hkua2A	0	5	6.000000
7	d2hkua2A	4	5	5.000000
7	d2i53a1A	1	2	4.000000
7	d2i53a1A	1	3	4.000000
7	d2i53a1A	2	3	7.000000
7	d2i53a1A	3	6	6.000000
7	d2ivxa1A	2	3	6.000000
7	d2ivxa1A	2	4	5.000000
7	d2ivxa1A	3	4	7.000000
7	d2ivxa1A	2	5	6.000000
7	d2ivxa1A	4	5	4.000000
7	d2ivxa1A	4	6	6.000000
7	d2nsza1A	0	1	6.000000
7	d2nsza1A	0	2	5.000000
7	d2nsza1A	1	3	4.000000
7	d2nsza1A	2	3	3.000000
7	d2nsza1A	2	4	8.000000
7	d2nsza1A	3	5	4.000000
7	d2nsza1A	4	5	5.000000
7	d2nuga1A	0	1	4.000000
7	d2nuga1A	1	5	6.000000
7	d2nuga1A	2	5	7.000000
7	d2nuga1A	4	5	6.000000
7	d2nuga1A	2	6	7.000000
7	d2ouwa1A	1	3	4.000000
7	d2ouwa1A	4	5	6.000000
7	d2r6sa_A	0	2	4.000000
7	d2r6sa_A	1	2	3.000000
7	d2r6sa_A	2	4	5.000000
7	d2r6sa_A	3	4	3.000000
7	d2r7ga2A	1	2	7.000000
7	d2r7ga2A	2	3	3.000000
7	d2r7ga2A	2	5	3.000000
7	d2r7ga2A	5	6	3.000000
7	d2v3ia_A	2	3	3.000000
7	d2w72b_B	1	2	3.000000
7	d2w72b_B	1	3	7.000000
7	d2w72b_B	1	5	6.000000
7	d2w72b_B	0	6	4.000000
7	d2w72b_B	5	6	6.000000
7	d2wcja_A	1	2	6.000000
7	d2wcja_A	3	4	5.000000
7	d2wcja_A	2	5	5.000000
7	d2wcja_A	4	5	4.000000
7	d2wlva_A	0	1	4.000000
7	d2wlva_A	1	6	5.000000
7	d2wlva_A	2	6	5.000000
7	d2wlva_A	3	6	9.000000
7	d2wtga_A	1	2	3.000000
7	d2wtga_A	1	3	7.000000
7	d2wtga_A	4	6	7.000000
7	d2wtga_A	5	6	7.000000
7	d3a8gb_B	0	3	5.000000
7	d3a8gb_B	1	3	5.000000
7	d3bgea1A	0	1	5.000000
7	d3bgea1A	0	2	3.000000
7	d3bgea1A	2	3	5.000000
7	d3bgea1A	1	4	7.000000
7	d3bgea1A	3	4	6.000000
7	d3broa1A	1	3	3.000000
7	d3broa1A	2	3	4.000000
7	d3broa1A	0	5	5.000000
7	d3broa1A	1	5	4.000000
7	d3d3ba_A	0	2	6.000000
7	d3d3ba_A	1	2	5.000000
7	d3d3ba_A	0	4	6.000000
7	d3d3ba_A	2	4	4.000000
7	d3d3ba_A	3	4	5.000000
7	d3d3ba_A	0	5	3.000000
7	d3d3ba_A	4	5	3.000000
7	d3d3ba_A	4	6	4.000000
7	d3d3ba_A	5	6	7.000000
7	d3eoja_A	1	2	3.000000
7	d3jw4a_A	1	5	4.000000
7	d3k69a_A	0	1	4.000000
7	d3k69a_A	0	2	3.000000
7	d3k69a_A	0	3	3.000000
7	d3k69a_A	0	5	3.000000
7	d3mkbb_B	1	2	5.000000
7	d3mkbb_B	1	5	7.000000
7	d3mkbb_B	0	6	6.000000
7	d3mkbb_B	5	6	7.000000
8	d1alva_A	3	4	4.000000
8	d1alva_A	2	6	5.000000
8	d1alva_A	3	6	7.000000
8	d1bgfa_A	5	6	8.000000
8	d1bgfa_A	0	7	4.000000
8	d1bgfa_A	4	7	5.000000
8	d1cipa1A	1	2	3.000000
8	d1cipa1A	1	3	3.000000
8	d1cipa1A	2	3	5.000000
8	d1cipa1A	1	4	3.000000
8	d1cipa1A	3	4	4.000000
8	d1cipa1A	1	5	3.000000
8	d1d2zb_B	1	4	4.000000
8	d1d2zb_B	0	5	4.000000
8	d1d2zb_B	1	5	3.000000
8	d1d2zb_B	2	6	3.000000
8	d1d2zb_B	0	7	5.000000
8	d1d2zb_B	6	7	3.000000
8	d1dvpa1A	0	1	5.000000
8	d1dvpa1A	0	2	3.000000
8	d1dvpa1A	0	3	4.000000
8	d1dvpa1A	1	3	4.000000
8	d1dvpa1A	2	3	5.000000
8	d1dvpa1A	3	6	6.000000
8	d1dvpa1A	5	6	5.000000
8	d1dvpa1A	5	7	4.000000
8	d1evya1A	0	1	6.000000
8	d1evya1A	0	2	4.000000
8	d1evya1A	0	3	5.000000
8	d1evya1A	0	5	6.000000
8	d1evya1A	0	6	3.000000
8	d1evya1A	1	6	3.000000
8	d1evya1A	5	6	3.000000
8	d1evya1A	6	7	3.000000
8	d1eyha_A	0	2	7.000000
8	d1eyha_A	1	3	4.000000
8	d1eyha_A	2	3	7.000000
8	d1eyha_A	2	4	3.000000
8	d1eyha_A	3	6	7.000000
8	d1eyha_A	5	6	4.000000
8	d1fkma1A	1	2	3.000000
8	d1fkma1A	3	5	3.000000
8	d1fkma1A	4	5	4.000000
8	d1fkma1A	2	6	4.000000
8	d1fkma1A	3	7	9.000000
8	d1fkma1A	5	7	7.000000
8	d1fkma1A	6	7	7.000000
8	d1fkma2A	0	2	5.000000
8	d1fkma2A	0	4	6.000000
8	d1fkma2A	3	4	4.000000
8	d1fkma2A	2	6	3.000000
8	d1fkma2A	4	7	6.000000
8	d1gtea1A	4	5	4.000000
8	d1gtea1A	4	7	3.000000
8	d1gtea1A	5	7	6.000000
8	d1gtea1A	6	7	7.000000
8	d1gwca1A	1	2	6.000000
8	d1gwca1A	5	6	3.000000
8	d1gwca1A	4	7	5.000000
8	d1h2ka_A	1	3	3.000000
8	d1h2ka_A	0	4	3.000000
8	d1h2ka_A	6	7	3.000000
8	d1h6ka2A	0	1	4.000000
8	d1h6ka2A	0	2	4.000000
8	d1h6ka2A	1	3	5.000000
8	d1h6ka2A	2	3	4.000000
8	d1h6ka2A	2	4	6.000000
8	d1h6ka2A	3	5	3.000000
8	d1h6ka2A	5	6	5.000000
8	d1he1a_A	1	3	5.000000
8	d1he1a_A	3	4	5.000000
8	d1he1a_A	3	5	3.000000
8	d1he1a_A	1	7	5.000000
8	d1he1a_A	4	7	3.000000
8	d1iega_A	1	3	4.000000
8	d1ihga1A	0	1	9.000000
8	d1ihga1A	0	3	5.000000
8	d1ihga1A	1	3	9.000000
8	d1ihga1A	3	4	6.000000
8	d1ihga1A	3	5	3.000000
8	d1ihga1A	4	5	7.000000
8	d1ihga1A	5	6	9.000000
8	d1ihga1A	6	7	8.000000
8	d1j77a_A	1	3	4.000000
8	d1j77a_A	4	6	4.000000
8	d1j77a_A	0	7	8.000000
8	d1j77a_A	1	7	6.000000
8	d1j77a_A	4	7	9.000000
8	d1ja1a1A	0	5	4.000000
8	d1jkva_A	1	2	9.000000
8	d1jkva_A	3	4	3.000000
8	d1jkva_A	1	6	5.000000
8	d1jkva_A	2	6	4.000000
8	d1jkva_A	2	7	10.000000
8	d1jkva_A	6	7	15.000000
8	d1k6ka_A	0	1	3.000000
8	d1k6ka_A	1	3	5.000000
8	d1k6ka_A	1	5	3.000000
8	d1k6ka_A	2	5	3.000000
8	d1k6ka_A	4	5	4.000000
8	d1k6ka_A	3	6	3.000000
8	d1k94a_A	0	1	5.000000
8	d1k94a_A	0	3	4.000000
8	d1k94a_A	2	3	4.000000
8	d1k94a_A	2	6	6.000000
8	d1k94a_A	3	6	6.000000
8	d1khya_A	0	1	4.000000
8	d1khya_A	1	3	4.000000
8	d1khya_A	1	5	3.000000
8	d1khya_A	4	5	4.000000
8	d1khya_A	3	6	3.000000
8	d1khya_A	5	6	4.000000
8	d1khya_A	5	7	4.000000
8	d1klxa_A	0	1	4.000000
8	d1klxa_A	0	2	4.000000
8	d1klxa_A	2	3	5.000000
8	d1klxa_A	3	4	7.000000
8	d1klxa_A	4	5	4.000000
8	d1klxa_A	5	6	8.000000
8	d1klxa_A	6	7	3.000000
8	d1kxpd1D	0	1	4.000000
8	d1kxpd1D	1	2	7.000000
8	d1kxpd1D	2	3	5.000000
8	d1kxpd1D	1	5	5.000000
8	d1kxpd1D	5	6	5.000000
8	d1kxpd1D	6	7	10.000000
8	d1mtyg_G	0	2	5.000000
8	d1mtyg_G	1	2	9.000000
8	d1mtyg_G	4	5	5.000000
8	d1mtyg_G	4	6	7.000000
8	d1mtyg_G	5	6	7.000000
8	d1n81a_A	0	2	7.000000
8	d1n81a_A	0	3	6.000000
8	d1n81a_A	2	3	11.000000
8	d1n81a_A	0	4	8.000000
8	d1n81a_A	4	6	4.000000
8	d1n81a_A	3	7	5.000000
8	d1n81a_A	4	7	5.000000
8	d1n81a_A	6	7	4.000000
8	d1oyja1A	0	1	8.000000
8	d1oyja1A	0	2	3.000000
8	d1oyja1A	1	3	3.000000
8	d1oyja1A	3	7	3.000000
8	d1pfva1A	0	5	8.000000
8	d1pfva1A	1	5	5.000000
8	d1pfva1A	3	5	5.000000
8	d1qhda1A	0	1	4.000000
8	d1qhda1A	0	2	7.000000
8	d1qhda1A	1	2	5.000000
8	d1qhda1A	5	7	3.000000
8	d1r4va_A	1	4	3.000000
8	d1r4va_A	1	6	6.000000
8	d1r4va_A	3	6	7.000000
8	d1r4va_A	4	6	4.000000
8	d1r4va_A	1	7	4.000000
8	d1r4va_A	6	7	5.000000
8	d1rxqa_A	2	3	4.000000
8	d1rxqa_A	2	4	3.000000
8	d1rxqa_A	3	4	3.000000
8	d1rxqa_A	0	5	9.000000
8	d1rxqa_A	2	5	9.000000
8	d1ssqa_A	0	1	3.000000
8	d1ssqa_A	2	3	5.000000
8	d1ssqa_A	3	6	3.000000
8	d1ssqa_A	4	6	4.000000
8	d1ssqa_A	5	6	3.000000
8	d1ssqa_A	6	7	6.000000
8	d1txga1A	0	1	9.000000
8	d1txga1A	0	3	5.000000
8	d1txga1A	3	4	3.000000
8	d1txga1A	0	6	4.000000
8	d1txga1A	1	6	3.000000
8	d1txga1A	5	6	5.000000
8	d1txga1A	0	7	4.000000
8	d1txga1A	6	7	3.000000
8	d1vh4a_A	1	4	6.000000
8	d1wbea_A	0	1	4.000000
8	d1wbea_A	1	3	9.000000
8	d1wbea_A	3	4	6.000000
8	d1wbea_A	4	5	4.000000
8	d1wbea_A	3	7	11.000000
8	d1x46a_A	1	2	3.000000
8	d1x46a_A	1	4	5.000000
8	d1x46a_A	1	6	4.000000
8	d1x46a_A	0	7	4.000000
8	d1y1xa_A	1	2	4.000000
8	d1y1xa_A	0	3	4.000000
8	d1y1xa_A	4	5	4.000000
8	d1y1xa_A	2	6	5.000000
8	d1z3xa2A	1	4	4.000000
8	d1z3xa2A	3	7	4.000000
8	d1z67a1A	1	5	5.000000
8	d1z67a1A	1	6	4.000000
8	d1z67a1A	4	6	4.000000
8	d1za0a1A	1	2	5.000000
8	d1za0a1A	0	4	7.000000
8	d1za0a1A	3	4	10.000000
8	d1za0a1A	3	5	5.000000
8	d1za0a1A	1	6	4.000000
8	d1za0a1A	3	7	4.000000
8	d2ae0x1X	0	1	5.000000
8	d2ae0x1X	3	5	4.000000
8	d2bs2b1B	0	4	3.000000
8	d2bs2b1B	1	4	3.000000
8	d2bs2b1B	4	7	6.000000
8	d2ccma_A	1	2	5.000000
8	d2ccma_A	0	3	5.000000
8	d2ccma_A	2	4	4.000000
8	d2ccma_A	5	6	7.000000
8	d2ccma_A	4	7	4.000000
8	d2ff4a2A	0	1	5.000000
8	d2ff4a2A	0	2	4.000000
8	d2ff4a2A	2	3	3.000000
8	d2ff4a2A	2	4	3.000000
8	d2ff4a2A	3	4	5.000000
8	d2ff4a2A	4	5	7.000000
8	d2ff4a2A	4	6	3.000000
8	d2ff4a2A	5	6	5.000000
8	d2ff4a2A	0	7	5.000000
8	d2fp1a_A	0	3	4.000000
8	d2fp1a_A	1	3	8.000000
8	d2fp1a_A	0	4	6.000000
8	d2fp1a_A	3	4	4.000000
8	d2fp1a_A	0	6	3.000000
8	d2fp1a_A	0	7	3.000000
8	d2fp1a_A	3	7	5.000000
8	d2g03a1A	0	1	3.000000
8	d2g03a1A	2	3	3.000000
8	d2g03a1A	1	4	4.000000
8	d2g03a1A	3	4	8.000000
8	d2g03a1A	3	6	4.000000
8	d2g03a1A	5	6	3.000000
8	d2g03a1A	0	7	3.000000
8	d2gkma_A	2	3	7.000000
8	d2gkma_A	2	5	7.000000
8	d2gkma_A	5	6	3.000000
8	d2gz4a1A	1	2	4.000000
8	d2gz4a1A	1	5	7.000000
8	d2gz4a1A	5	6	3.000000
8	d2gz4a1A	0	7	4.000000
8	d2gz4a1A	1	7	4.000000
8	d2gz4a1A	2	7	7.000000
8	d2h2za_A	2	5	4.000000
8	d2h2za_A	2	6	4.000000
8	d2itba1A	2	3	12.000000
8	d2itba1A	4	5	3.000000
8	d2itba1A	3	6	9.000000
8	d2itba1A	5	6	12.000000
8	d2itba1A	5	7	7.000000
8	d2nrla_A	2	3	3.000000
8	d2nrla_A	2	4	7.000000
8	d2nrla_A	4	5	3.000000
8	d2nrla_A	2	6	7.000000
8	d2nrla_A	0	7	4.000000
8	d2nrla_A	5	7	5.000000
8	d2oc5a1A	0	1	14.000000
8	d2oc5a1A	0	2	9.000000
8	d2oc5a1A	2	3	3.000000
8	d2oc5a1A	3	5	10.000000
8	d2oc5a1A	4	6	5.000000
8	d2oqma1A	1	4	6.000000
8	d2oqma1A	3	4	5.000000
8	d2oqma1A	1	6	5.000000
8	d2oqma1A	1	7	3.000000
8	d2ou3a1A	1	3	4.000000
8	d2ou3a1A	2	3	4.000000
8	d2ou3a1A	1	4	3.000000
8	d2ou3a1A	1	5	7.000000
8	d2ou3a1A	2	5	4.000000
8	d2ou3a1A	5	6	4.000000
8	d2ou3a1A	5	7	6.000000
8	d2ox6a1A	1	2	3.000000
8	d2ox6a1A	3	5	8.000000
8	d2p1aa1A	1	2	3.000000
8	d2p1aa1A	3	4	4.000000
8	d2p1aa1A	0	5	7.000000
8	d2p1aa1A	3	5	6.000000
8	d2p1aa1A	0	7	7.000000
8	d2p1aa1A	2	7	4.000000
8	d2p1aa1A	3	7	7.000000
8	d2pbka_A	1	2	5.000000
8	d2pbka_A	4	5	3.000000
8	d2pv7a1A	1	3	5.000000
8	d2qrwa_A	1	3	6.000000
8	d2qrwa_A	3	4	5.000000
8	d2qrwa_A	1	6	5.000000
8	d2qrwa_A	6	7	7.000000
8	d2v09a_A	6	7	3.000000
8	d2zkmx1X	1	2	4.000000
8	d2zkmx1X	2	3	3.000000
8	d2zkmx1X	5	6	4.000000
8	d3b7sa1A	0	1	5.000000
8	d3b7sa1A	1	3	6.000000
8	d3b7sa1A	2	3	3.000000
8	d3b7sa1A	3	4	5.000000
8	d3b7sa1A	3	5	5.000000
8	d3b7sa1A	4	5	4.000000
8	d3b7sa1A	4	6	3.000000
8	d3b7sa1A	5	6	5.000000
8	d3b7sa1A	5	7	6.000000
8	d3efza1A	1	2	12.000000
8	d3efza1A	1	3	4.000000
8	d3efza1A	3	4	13.000000
8	d3efza1A	3	5	6.000000
8	d3efza1A	5	6	4.000000
8	d3efza1A	5	7	9.000000
8	d3efza1A	6	7	5.000000
8	d3g2sa_A	0	1	4.000000
8	d3g2sa_A	0	2	5.000000
8	d3g2sa_A	1	3	5.000000
8	d3g2sa_A	2	4	4.000000
8	d3g2sa_A	2	5	3.000000
8	d3g2sa_A	3	6	6.000000
8	d3g2sa_A	5	7	5.000000
8	d3g2sa_A	6	7	3.000000
8	d3g46a_A	2	3	10.000000
8	d3g46a_A	3	4	4.000000
8	d3g46a_A	2	6	4.000000
8	d3g46a_A	0	7	4.000000
8	d3g46a_A	1	7	5.000000
8	d3hhtb_B	0	3	5.000000
8	d3hhtb_B	1	3	5.000000
8	d3l0fa_A	2	3	5.000000
8	d3l0fa_A	3	4	3.000000
8	d3l0fa_A	2	6	6.000000
8	d3l0fa_A	1	7	4.000000
8	d3l0fa_A	3	7	3.000000
8	d3l0fa_A	6	7	6.000000
8	d3olla_A	1	2	3.000000
8	d3olla_A	0	4	3.000000
8	d3olla_A	2	4	4.000000
8	d3olla_A	4	5	6.000000
8	d3olla_A	2	6	5.000000
8	d3olla_A	3	6	6.000000
8	d3olla_A	4	6	3.000000
8	d3olla_A	1	7	3.000000
8	d3pt8a_A	1	4	6.000000
8	d3pt8a_A	1	6	4.000000
8	d3pt8a_A	5	7	5.000000
8	d3pt8a_A	6	7	9.000000
9	d1ah7a_A	0	1	3.000000
9	d1ah7a_A	2	4	7.000000
9	d1ah7a_A	3	4	8.000000
9	d1ah7a_A	0	8	4.000000
9	d1ah7a_A	5	8	5.000000
9	d1ah7a_A	6	8	6.000000
9	d1auib_B	0	4	3.000000
9	d1auib_B	6	7	6.000000
9	d1auib_B	5	8	3.000000
9	d1ca1a1A	0	2	5.000000
9	d1ca1a1A	2	4	6.000000
9	d1ca1a1A	3	4	14.000000
9	d1ca1a1A	0	8	8.000000
9	d1ca1a1A	6	8	5.000000
9	d1ca1a1A	7	8	7.000000
9	d1elka_A	0	1	5.000000
9	d1elka_A	0	2	4.000000
9	d1elka_A	1	3	5.000000
9	d1elka_A	2	4	4.000000
9	d1elka_A	2	5	3.000000
9	d1elka_A	5	6	3.000000
9	d1elka_A	3	7	7.000000
9	d1elka_A	7	8	3.000000
9	d1f20a1A	1	2	3.000000
9	d1f5na1A	1	2	10.000000
9	d1f5na1A	4	5	4.000000
9	d1f5na1A	2	7	10.000000
9	d1fcya_A	1	2	6.000000
9	d1fcya_A	3	4	3.000000
9	d1fcya_A	0	5	5.000000
9	d1fcya_A	2	5	4.000000
9	d1fcya_A	0	6	7.000000
9	d1fcya_A	5	6	8.000000
9	d1fcya_A	2	7	5.000000
9	d1fcya_A	4	7	5.000000
9	d1fcya_A	1	8	3.000000
9	d1j09a1A	1	2	5.000000
9	d1j09a1A	4	5	4.000000
9	d1j09a1A	4	6	7.000000
9	d1j09a1A	5	6	3.000000
9	d1j09a1A	6	7	3.000000
9	d1knca_A	2	3	5.000000
9	d1knca_A	2	6	6.000000
9	d1knca_A	4	6	6.000000
9	d1knca_A	4	7	3.000000
9	d1knca_A	6	7	6.000000
9	d1knca_A	1	8	5.000000
9	d1knca_A	2	8	5.000000
9	d1knca_A	6	8	4.000000
9	d1m45a_A	1	2	3.000000
9	d1m45a_A	1	3	3.000000
9	d1m45a_A	6	7	5.000000
9	d1m45a_A	5	8	4.000000
9	d1n5ua3A	0	1	5.000000
9	d1n5ua3A	1	2	7.000000
9	d1n5ua3A	2	3	8.000000
9	d1n5ua3A	3	5	3.000000
9	d1n5ua3A	1	6	7.000000
9	d1n5ua3A	2	6	7.000000
9	d1n5ua3A	7	8	4.000000
9	d1np3a1A	1	2	4.000000
9	d1np3a1A	0	5	3.000000
9	d1otka_A	0	1	11.000000
9	d1otka_A	0	3	6.000000
9	d1otka_A	1	3	3.000000
9	d1otka_A	3	4	11.000000
9	d1otka_A	3	7	4.000000
9	d1otka_A	4	7	3.000000
9	d1pq9a_A	1	2	4.000000
9	d1pq9a_A	1	3	3.000000
9	d1pq9a_A	3	4	3.000000
9	d1pq9a_A	0	5	4.000000
9	d1pq9a_A	2	5	5.000000
9	d1pq9a_A	5	6	9.000000
9	d1pq9a_A	2	7	5.000000
9	d1pq9a_A	4	7	8.000000
9	d1pq9a_A	1	8	3.000000
9	d1qv0a_A	1	2	3.000000
9	d1qv0a_A	1	3	5.000000
9	d1qv0a_A	3	5	9.000000
9	d1qv0a_A	6	7	5.000000
9	d1qv0a_A	5	8	5.000000
9	d1rqba1A	0	1	3.000000
9	d1rqba1A	1	2	4.000000
9	d1rqba1A	5	6	5.000000
9	d1rz4a2A	0	1	6.000000
9	d1rz4a2A	1	2	5.000000
9	d1rz4a2A	1	3	3.000000
9	d1rz4a2A	2	3	3.000000
9	d1rz4a2A	3	4	3.000000
9	d1rz4a2A	3	6	3.000000
9	d1rz4a2A	6	7	3.000000
9	d1sk7a_A	2	4	5.000000
9	d1sk7a_A	1	8	4.000000
9	d1sk7a_A	2	8	8.000000
9	d1sk7a_A	5	8	9.000000
9	d1xg0c_C	3	4	6.000000
9	d1xg0c_C	2	7	3.000000
9	d1xg0c_C	3	7	7.000000
9	d1xg0c_C	2	8	3.000000
9	d1xg0c_C	4	8	4.000000
9	d1xg0c_C	7	8	7.000000
9	d1xkpa1A	1	3	4.000000
9	d1xkpa1A	0	4	12.000000
9	d1xkpa1A	3	4	14.000000
9	d1xkpa1A	5	7	6.000000
9	d1xkpa1A	7	8	7.000000
9	d1y9ia_A	1	2	6.000000
9	d1y9ia_A	0	3	8.000000
9	d1y9ia_A	1	6	4.000000
9	d1y9ia_A	1	8	7.000000
9	d1y9ia_A	2	8	5.000000
9	d1y9ia_A	5	8	5.000000
9	d1yfsa1A	0	1	5.000000
9	d1yfsa1A	1	2	6.000000
9	d1yfsa1A	0	3	5.000000
9	d1yfsa1A	2	4	6.000000
9	d1yfsa1A	5	7	4.000000
9	d1zcba1A	1	2	4.000000
9	d1zcba1A	2	4	5.000000
9	d1zcba1A	1	5	3.000000
9	d1zcba1A	1	6	3.000000
9	d2a72a_A	1	2	4.000000
9	d2a72a_A	2	3	3.000000
9	d2a72a_A	3	4	3.000000
9	d2dwka_A	0	1	5.000000
9	d2dwka_A	1	4	4.000000
9	d2dwka_A	2	4	4.000000
9	d2dwka_A	3	4	3.000000
9	d2dwka_A	2	5	4.000000
9	d2dwka_A	4	5	3.000000
9	d2dwka_A	0	7	3.000000
9	d2fm9a1A	0	2	7.000000
9	d2fm9a1A	2	3	6.000000
9	d2fm9a1A	5	7	5.000000
9	d2fm9a1A	2	8	4.000000
9	d2fm9a1A	3	8	6.000000
9	d2fm9a1A	4	8	6.000000
9	d2fm9a1A	7	8	5.000000
9	d2g5da1A	0	1	4.000000
9	d2g5da1A	0	2	5.000000
9	d2g5da1A	4	6	4.000000
9	d2gmya1A	2	3	6.000000
9	d2gmya1A	3	4	3.000000
9	d2gmya1A	2	5	7.000000
9	d2gmya1A	5	7	4.000000
9	d2gmya1A	1	8	5.000000
9	d2gmya1A	2	8	4.000000
9	d2gmya1A	5	8	4.000000
9	d2ilka_A	2	3	4.000000
9	d2ilka_A	0	5	4.000000
9	d2jg6a_A	0	2	3.000000
9	d2jg6a_A	1	5	4.000000
9	d2jg6a_A	3	5	5.000000
9	d2jg6a_A	5	6	3.000000
9	d2jg6a_A	1	8	4.000000
9	d2jg6a_A	7	8	4.000000
9	d2o8pa1A	0	1	7.000000
9	d2o8pa1A	4	5	7.000000
9	d2o8pa1A	4	6	3.000000
9	d2o8pa1A	5	6	4.000000
9	d2o8pa1A	6	7	3.000000
9	d2o8pa1A	7	8	4.000000
9	d2odeb_B	1	2	3.000000
9	d2odeb_B	2	3	4.000000
9	d2odeb_B	3	4	5.000000
9	d2odeb_B	3	6	5.000000
9	d2odeb_B	5	6	3.000000
9	d2odeb_B	2	7	4.000000
9	d2para_A	1	2	5.000000
9	d2para_A	4	5	3.000000
9	d2para_A	1	6	6.000000
9	d2para_A	6	7	7.000000
9	d2para_A	1	8	3.000000
9	d2para_A	6	8	3.000000
9	d2pv4a1A	0	1	3.000000
9	d2pv4a1A	0	4	8.000000
9	d2pv4a1A	1	4	6.000000
9	d2pv4a1A	1	6	3.000000
9	d2q0zx1X	0	2	4.000000
9	d2q0zx1X	2	3	5.000000
9	d2q0zx1X	3	4	7.000000
9	d2q4xa_A	2	3	9.000000
9	d2q4xa_A	2	4	4.000000
9	d2q4xa_A	5	7	8.000000
9	d2q4xa_A	1	8	4.000000
9	d2q4xa_A	4	8	5.000000
9	d2q4xa_A	5	8	8.000000
9	d2scpa_A	1	2	7.000000
9	d2scpa_A	0	3	5.000000
9	d2scpa_A	2	5	5.000000
9	d2scpa_A	1	6	4.000000
9	d2scpa_A	6	7	5.000000
9	d2scpa_A	5	8	7.000000
9	d2v8ta_A	2	3	13.000000
9	d2v8ta_A	2	5	6.000000
9	d2v8ta_A	5	6	11.000000
9	d2v8ta_A	6	7	5.000000
9	d2xola_A	0	1	3.000000
9	d2xola_A	0	5	10.000000
9	d2xola_A	4	5	3.000000
9	d2xola_A	5	6	8.000000
9	d2xola_A	7	8	4.000000
9	d2z16a_A	0	1	3.000000
9	d2z16a_A	2	3	5.000000
9	d2z16a_A	3	7	4.000000
9	d2z16a_A	4	7	5.000000
9	d2z16a_A	5	7	7.000000
9	d2z16a_A	0	8	4.000000
9	d2z16a_A	6	8	7.000000
9	d2z16a_A	7	8	4.000000
9	d3c1la_A	3	4	9.000000
9	d3c1la_A	4	5	4.000000
9	d3c1la_A	3	6	6.000000
9	d3c1la_A	3	8	6.000000
9	d3juia_A	0	1	4.000000
9	d3juia_A	0	2	5.000000
9	d3juia_A	2	3	6.000000
9	d3juia_A	2	4	6.000000
9	d3juia_A	3	5	3.000000
9	d3juia_A	4	6	3.000000
9	d3juia_A	5	6	3.000000
9	d3juia_A	5	8	6.000000
9	d3juia_A	6	8	7.000000
10	d1boua_A	4	5	3.000000
10	d1boua_A	8	9	3.000000
10	d1dk8a_A	2	3	4.000000
10	d1dk8a_A	3	4	5.000000
10	d1dk8a_A	4	6	3.000000
10	d1dk8a_A	3	7	7.000000
10	d1dk8a_A	2	8	4.000000
10	d1gxma_A	0	2	4.000000
10	d1gxma_A	1	3	3.000000
10	d1gxma_A	2	3	7.000000
10	d1gxma_A	0	4	4.000000
10	d1gxma_A	2	4	3.000000
10	d1gxma_A	4	5	7.000000
10	d1gxma_A	4	6	3.000000
10	d1gxma_A	5	6	3.000000
10	d1gxma_A	6	7	4.000000
10	d1hh8a_A	0	1	5.000000
10	d1hh8a_A	1	2	6.000000
10	d1hh8a_A	2	3	8.000000
10	d1hh8a_A	2	4	4.000000
10	d1hh8a_A	3	4	6.000000
10	d1hh8a_A	4	5	7.000000
10	d1hh8a_A	4	6	3.000000
10	d1hh8a_A	5	6	8.000000
10	d1hh8a_A	6	7	7.000000
10	d1hh8a_A	6	8	3.000000
10	d1hh8a_A	7	8	4.000000
10	d1iapa_A	2	3	4.000000
10	d1iapa_A	2	5	3.000000
10	d1iapa_A	1	6	4.000000
10	d1iapa_A	1	8	6.000000
10	d1iapa_A	1	9	3.000000
10	d1iapa_A	2	9	5.000000
10	d1ku1a_A	0	1	5.000000
10	d1ku1a_A	2	4	4.000000
10	d1ku1a_A	5	7	3.000000
10	d1ku1a_A	6	7	5.000000
10	d1ku1a_A	5	9	3.000000
10	d1ku1a_A	7	9	6.000000
10	d1ku1a_A	8	9	5.000000
10	d1kxpd2D	1	2	8.000000
10	d1kxpd2D	2	3	8.000000
10	d1kxpd2D	3	5	4.000000
10	d1kxpd2D	1	7	4.000000
10	d1kxpd2D	1	8	4.000000
10	d1kxpd2D	8	9	6.000000
10	d1mpga1A	0	4	5.000000
10	d1mpga1A	2	4	5.000000
10	d1mpga1A	3	4	4.000000
10	d1mpga1A	0	6	6.000000
10	d1mpga1A	7	9	3.000000
10	d1n1ba1A	2	3	4.000000
10	d1n1ba1A	2	5	6.000000
10	d1n1ba1A	5	6	6.000000
10	d1n1ba1A	6	7	8.000000
10	d1n1ba1A	6	8	5.000000
10	d1n45a_A	1	2	4.000000
10	d1n45a_A	3	5	7.000000
10	d1n45a_A	3	6	7.000000
10	d1n45a_A	0	8	3.000000
10	d1n45a_A	7	8	4.000000
10	d1n45a_A	0	9	4.000000
10	d1n45a_A	1	9	3.000000
10	d1n45a_A	6	9	5.000000
10	d1n5ua1A	0	1	4.000000
10	d1n5ua1A	0	2	5.000000
10	d1n5ua1A	1	2	6.000000
10	d1n5ua1A	1	3	3.000000
10	d1n5ua1A	3	5	4.000000
10	d1n5ua1A	1	7	4.000000
10	d1n5ua1A	7	8	3.000000
10	d1n5ua1A	8	9	9.000000
10	d1ntya1A	0	2	6.000000
10	d1ntya1A	0	3	4.000000
10	d1ntya1A	2	3	3.000000
10	d1ntya1A	1	5	4.000000
10	d1ntya1A	4	9	4.000000
10	d1ntya1A	8	9	8.000000
10	d1o0wa1A	0	1	3.000000
10	d1o0wa1A	3	8	7.000000
10	d1osha_A	1	2	7.000000
10	d1osha_A	2	4	7.000000
10	d1osha_A	0	5	5.000000
10	d1osha_A	2	5	5.000000
10	d1osha_A	5	6	6.000000
10	d1osha_A	2	8	3.000000
10	d1osha_A	1	9	3.000000
10	d1pbwa_A	1	3	4.000000
10	d1pbwa_A	4	5	4.000000
10	d1pbwa_A	1	6	5.000000
10	d1pbwa_A	5	9	4.000000
10	d1pbwa_A	8	9	6.000000
10	d1r8se_E	0	1	5.000000
10	d1r8se_E	2	4	4.000000
10	d1r8se_E	4	6	3.000000
10	d1r8se_E	5	6	3.000000
10	d1r8se_E	5	7	5.000000
10	d1r8se_E	6	7	6.000000
10	d1r8se_E	7	8	3.000000
10	d1r8se_E	7	9	5.000000
10	d1r8se_E	8	9	4.000000
10	d1s6ca_A	2	3	6.000000
10	d1s6ca_A	1	4	3.000000
10	d1s6ca_A	3	6	5.000000
10	d1s6ca_A	6	7	6.000000
10	d1s6ca_A	5	8	3.000000
10	d1s6ca_A	7	9	3.000000
10	d1w2ya_A	0	2	5.000000
10	d1w2ya_A	1	2	13.000000
10	d1w2ya_A	0	3	5.000000
10	d1w2ya_A	1	5	5.000000
10	d1w2ya_A	2	6	5.000000
10	d1w2ya_A	5	6	5.000000
10	d1w2ya_A	0	7	7.000000
10	d1w2ya_A	2	7	8.000000
10	d1w2ya_A	7	8	4.000000
10	d1w2ya_A	7	9	6.000000
10	d1w2ya_A	8	9	3.000000
10	d1wzda_A	3	4	6.000000
10	d1wzda_A	3	6	5.000000
10	d1wzda_A	3	7	8.000000
10	d1wzda_A	7	8	5.000000
10	d1wzda_A	0	9	5.000000
10	d1wzda_A	1	9	4.000000
10	d1wzda_A	3	9	3.000000
10	d1wzda_A	6	9	6.000000
10	d2a2ma1A	3	5	8.000000
10	d2a2ma1A	0	6	3.000000
10	d2a2ma1A	3	6	4.000000
10	d2a2ma1A	6	7	3.000000
10	d2a2ma1A	6	8	5.000000
10	d2a2ma1A	0	9	5.000000
10	d2a2ma1A	1	9	4.000000
10	d2a2ma1A	5	9	8.000000
10	d2a2ma1A	6	9	8.000000
10	d2dfka1A	3	4	3.000000
10	d2dfka1A	0	8	6.000000
10	d2dfka1A	4	9	5.000000
10	d2dfka1A	8	9	8.000000
10	d2e2ra_A	1	2	3.000000
10	d2e2ra_A	0	5	5.000000
10	d2e2ra_A	2	5	6.000000
10	d2e2ra_A	5	6	7.000000
10	d2e2ra_A	6	7	3.000000
10	d2e2ra_A	2	8	5.000000
10	d2e2ra_A	4	8	6.000000
10	d2e2ra_A	1	9	3.000000
10	d2grrb_B	1	4	4.000000
10	d2grrb_B	2	4	5.000000
10	d2grrb_B	3	4	6.000000
10	d2grrb_B	3	6	5.000000
10	d2grrb_B	6	9	4.000000
10	d2grrb_B	7	9	5.000000
10	d2hpsa_A	1	2	9.000000
10	d2hpsa_A	0	3	10.000000
10	d2hpsa_A	1	5	3.000000
10	d2hpsa_A	5	6	3.000000
10	d2hpsa_A	6	7	5.000000
10	d2hpsa_A	7	9	3.000000
10	d2hpsa_A	8	9	3.000000
10	d2jeka1A	1	5	4.000000
10	d2jeka1A	4	7	4.000000
10	d2jeka1A	5	8	5.000000
10	d2jeka1A	7	8	4.000000
10	d2jeka1A	7	9	3.000000
10	d2o70a1A	1	2	3.000000
10	d2o70a1A	7	8	3.000000
10	d2o70a1A	3	9	6.000000
10	d2o70a1A	4	9	5.000000
10	d2ofka_A	0	2	3.000000
10	d2ofka_A	1	3	3.000000
10	d2ofka_A	1	6	6.000000
10	d2ofka_A	4	6	6.000000
10	d2ofka_A	5	6	3.000000
10	d2ofka_A	1	7	3.000000
10	d2ofka_A	1	9	4.000000
10	d2ofka_A	8	9	4.000000
10	d2oyoa1A	3	4	7.000000
10	d2oyoa1A	3	6	8.000000
10	d2oyoa1A	2	8	5.000000
10	d2oyoa1A	3	8	7.000000
10	d2oyoa1A	6	8	4.000000
10	d2pnwa1A	0	1	5.000000
10	d2pnwa1A	4	6	4.000000
10	d2pq7a1A	2	3	5.000000
10	d2pq7a1A	3	6	4.000000
10	d2pq7a1A	5	6	4.000000
10	d2pq7a1A	2	7	3.000000
10	d2qgsa1A	0	2	5.000000
10	d2qgsa1A	1	2	4.000000
10	d2qgsa1A	0	3	3.000000
10	d2qgsa1A	2	4	4.000000
10	d2qgsa1A	1	5	3.000000
10	d2qgsa1A	2	5	3.000000
10	d2qgsa1A	6	8	3.000000
10	d2qgsa1A	6	9	4.000000
10	d2r7ga1A	1	3	6.000000
10	d2r7ga1A	2	3	7.000000
10	d2r7ga1A	2	5	5.000000
10	d2r7ga1A	3	5	10.000000
10	d2r7ga1A	2	6	4.000000
10	d2r7ga1A	5	6	3.000000
10	d2r7ga1A	5	7	5.000000
10	d2r7ga1A	7	8	5.000000
10	d2sqca2A	0	1	4.000000
10	d2sqca2A	0	2	4.000000
10	d2sqca2A	1	2	3.000000
10	d2sqca2A	2	3	5.000000
10	d2sqca2A	5	7	6.000000
10	d2sqca2A	5	8	5.000000
10	d2sqca2A	8	9	3.000000
10	d2zfda1A	2	3	5.000000
10	d2zfda1A	1	4	4.000000
10	d2zfda1A	3	5	3.000000
10	d2zfda1A	6	7	6.000000
10	d2zfda1A	5	8	4.000000
10	d3bpza_A	0	1	6.000000
10	d3bpza_A	6	8	3.000000
10	d3bpza_A	7	9	6.000000
10	d3bqoa_A	0	1	7.000000
10	d3bqoa_A	0	2	5.000000
10	d3bqoa_A	1	2	4.000000
10	d3bqoa_A	2	3	6.000000
10	d3bqoa_A	3	4	7.000000
10	d3bqoa_A	4	5	6.000000
10	d3bqoa_A	2	8	6.000000
10	d3bqoa_A	0	9	3.000000
10	d3cx8b_B	3	4	4.000000
10	d3cx8b_B	2	6	5.000000
10	d3cx8b_B	3	6	9.000000
10	d3cx8b_B	2	7	4.000000
10	d3cx8b_B	3	9	4.000000
10	d3iqua_A	0	1	5.000000
10	d3iqua_A	2	3	12.000000
10	d3iqua_A	3	5	8.000000
10	d3iqua_A	5	6	11.000000
10	d3iqua_A	5	7	6.000000
10	d3iqua_A	6	7	4.000000
10	d3iqua_A	7	8	7.000000
10	d3iqua_A	7	9	6.000000
10	d3iqua_A	8	9	5.000000
