6	1JGSA	2	3	113.394746
6	1JGSA	1	4	-109.631386
5	1U9LA	0	1	131.658551
5	1U9LA	2	4	-134.941996
7	2APLA	0	1	135.668733
7	2APLA	0	2	-39.683526
7	2APLA	1	2	150.806720
7	2APLA	3	4	134.777478
7	2APLA	3	6	-63.269238
7	2APLA	5	6	160.427393
6	1DVOA	1	3	-128.565603
6	1DVOA	2	3	140.535792
6	1DVOA	4	5	-157.148043
6	1XSVA	0	1	-130.866663
6	1XSVA	0	3	71.500310
6	1XSVA	1	3	-92.310667
6	1XSVA	4	5	-175.192946
6	1QPWA	1	2	115.909315
6	1QPWA	2	3	-147.827412
6	1QPWA	1	4	123.214242
6	1QPWA	0	5	-95.887723
6	1QPWA	4	5	152.621568
9	1PN9A	0	2	-3.105781
9	1PN9A	4	5	-152.923234
9	1PN9A	0	6	139.324919
9	1PN9A	4	6	27.687507
9	1PN9A	6	7	-107.160077
9	1PN9A	6	8	-29.853686
7	1Z6OA	1	2	-158.644949
7	1Z6OA	1	3	-166.289666
7	1Z6OA	3	5	-153.285486
7	1Z6OA	5	6	158.537387
6	1Z6OM	0	1	-160.900453
6	1Z6OM	0	2	-171.190025
6	1Z6OM	1	2	11.560017
6	2OEBA	0	3	151.651910
6	2OEBA	1	3	-52.796881
6	2OEBA	2	3	-144.237402
6	2OEBA	0	5	-49.670475
6	2OEBA	1	5	-152.418198
6	2OEBA	3	5	127.918023
9	2ICWG	1	3	8.482900
9	2ICWG	2	3	172.499821
9	2ICWG	4	7	-35.102336
9	2ICWG	5	7	105.612618
9	2ICWG	4	8	-59.602166
4	2ICWB	2	3	-12.979631
4	1EXZA	1	2	-150.707512
4	1EXZA	1	3	-138.025587
4	1EXZA	2	3	33.923534
8	2P0TA	2	3	-160.844632
8	1B06A	1	2	-145.830745
8	1B06A	4	6	147.358120
8	1B06A	3	7	88.054273
9	2FM9A	0	2	79.030902
9	2FM9A	2	3	-163.941207
9	2FM9A	5	7	143.767721
9	2FM9A	2	8	-154.786134
9	2FM9A	3	8	20.676653
9	2FM9A	4	8	123.469786
9	2FM9A	7	8	153.869303
7	1B8DA	2	3	145.599018
7	1B8DA	2	5	-55.819354
7	1B8DA	5	6	-170.510673
5	1SFXA	1	2	114.528701
5	1SFXA	2	3	115.202023
5	2J8WA	0	1	-156.188555
5	2J8WA	1	3	-154.109728
5	2J8WA	0	4	-140.249429
5	2J8WA	3	4	-162.859436
5	1OWSB	0	3	-33.823547
5	1OWSB	2	3	175.520110
10	2G5CA	2	3	-19.424406
10	2G5CA	6	8	-57.632319
9	2O8PA	0	1	-157.004801
9	2O8PA	4	5	-162.826346
9	2O8PA	4	6	38.414031
9	2O8PA	5	6	-135.735601
9	2O8PA	6	7	-150.213523
9	2O8PA	7	8	-166.701309
6	1H97A	1	2	105.310930
6	1H97A	2	3	-156.046851
6	1H97A	1	4	125.506877
6	1H97A	0	5	-107.739214
6	1H97A	4	5	162.385033
4	1G73C	0	1	133.268372
4	1G73C	2	3	-129.315665
3	1G73A	0	1	-160.542555
3	1G73A	0	2	18.244862
3	1G73A	1	2	-160.016791
5	1E29A	0	1	-64.739262
5	1E29A	0	4	-88.115968
5	1E29A	3	4	124.630061
5	2OFYA	1	2	106.768880
5	1E6IA	0	4	148.197820
5	1E6IA	3	4	-162.345845
7	2AUWA	2	3	-100.955999
7	2AUWA	3	5	-120.998392
7	2AUWA	4	5	105.205802
7	2AUWA	3	6	17.878431
4	2AXIA	0	1	60.863721
4	2AXIA	0	2	-151.712532
4	2AXIA	1	3	107.869738
8	3D19A	0	1	-152.023250
8	3D19A	0	2	28.857849
8	3D19A	1	2	-157.438043
8	3D19A	0	3	-161.148996
8	3D19A	2	3	-157.665952
8	3D19A	3	4	-156.897350
8	3D19A	4	5	-153.855020
8	3D19A	5	6	-156.774265
8	3D19A	0	7	-151.831312
8	3D19A	4	7	-153.876442
8	3D19A	6	7	-156.765092
4	1T8KA	0	1	143.598743
4	1T8KA	0	3	131.682851
6	2EFKA	0	4	16.110682
3	1GVNA	0	1	-153.699723
3	1GVNA	0	2	22.919958
3	1GVNA	1	2	-162.503488
4	1ETXA	1	2	125.501342
4	1ETXA	1	3	-110.091192
10	3D24A	1	2	126.859710
10	3D24A	0	5	89.258017
10	3D24A	2	5	142.897886
10	3D24A	5	6	-165.287711
10	3D24A	2	8	97.083885
10	3D24A	4	8	-161.725137
10	3D24A	1	9	77.975350
5	1DPSA	0	1	-160.060408
5	1DPSA	0	2	-89.717431
5	1DPSA	1	3	26.726847
5	1DPSA	1	4	-169.467473
5	1DPSA	3	4	-155.955925
4	2G58A	0	3	-29.494454
4	2G58A	2	3	172.708279
6	3CTAA	0	2	-85.964574
6	3CTAA	1	2	108.485036
6	3CTAA	0	3	-109.229324
6	3CTAA	3	5	-60.361226
6	2G9WA	0	1	108.553151
6	2G9WA	1	2	115.155764
4	2BUOA	0	1	160.687964
4	2BUOA	2	3	131.362865
10	1BOUA	4	5	148.915395
10	1BOUA	8	9	108.617550
5	1HXIA	0	1	-154.992905
5	1HXIA	1	2	-152.863850
5	1HXIA	2	3	-160.611825
6	1QNTA	1	2	-107.823899
6	1QNTA	3	4	96.879878
10	1XKPA	2	4	-62.363596
10	1XKPA	1	5	41.078110
10	1XKPA	4	5	-140.685697
10	1XKPA	6	8	-46.339910
10	1XKPA	8	9	-157.004284
4	2A6CA	1	2	107.530966
4	2A6CA	0	3	30.645396
5	1Q8CA	0	2	-59.886738
5	1Q8CA	0	3	122.608595
5	1Q8CA	2	3	122.939035
5	1Q8CA	0	4	-67.191019
5	1Q8CA	3	4	150.404930
8	3DBYA	0	1	-154.085903
8	3DBYA	1	2	-159.737273
8	3DBYA	0	3	-156.380658
8	3DBYA	2	3	-155.286969
8	3DBYA	4	5	-156.934116
8	3DBYA	4	6	31.648287
8	3DBYA	5	6	-154.591204
8	3DBYA	0	7	-148.738602
8	3DBYA	4	7	-161.228864
8	3DBYA	6	7	-160.031970
6	2A9UA	1	2	-158.224050
6	2A9UA	3	4	-82.739208
6	1WMGA	0	3	135.038075
6	1PI1A	1	2	-147.017689
6	1PI1A	1	3	31.109112
6	1PI1A	2	3	-143.679763
6	1PI1A	1	4	-159.097270
6	1PI1A	3	4	-154.937799
8	2A6TA	0	1	139.472431
8	2A6TA	3	5	147.755822
6	1S4KA	0	2	-121.703500
6	1S4KA	1	2	113.533269
6	1S4KA	3	5	-48.455955
6	1TX4B	1	4	-7.808807
9	1GKZA	0	2	-144.088447
9	1GKZA	0	3	37.747471
9	1GKZA	0	5	-165.689940
9	1GKZA	4	5	173.049197
9	1GKZA	6	7	-38.308665
9	1GKZA	5	8	-60.395405
9	1GKZA	7	8	-151.091495
3	1NO1A	0	1	121.098915
3	1NO1A	0	2	-13.581432
9	1UNFX	1	3	-139.054915
9	1UNFX	2	3	-133.373899
9	1UNFX	5	7	139.698524
8	2AV0A	2	3	107.668457
8	2AV0A	2	6	129.462700
8	2AV0A	1	7	-106.205024
5	1ED1A	2	3	-150.171421
5	1ED1A	3	4	73.102928
5	1US7A	0	3	48.820661
9	1US7B	0	2	-60.594875
9	1US7B	1	3	-65.748785
9	1US7B	1	4	-175.733366
9	1US7B	3	4	112.329376
9	1US7B	2	5	-56.102461
9	1US7B	6	8	-157.247986
9	2O7TA	0	1	116.422475
9	2O7TA	0	2	-97.439690
9	2O7TA	0	3	-89.193893
9	2O7TA	0	5	102.257249
9	2O7TA	3	6	26.764246
5	2B8UA	0	3	-156.879577
5	2B8UA	1	3	-149.200885
5	2B8UA	0	4	-148.669679
3	2NN4A	0	1	49.224222
3	2NN4A	0	2	-133.991518
3	2NN4A	1	2	-169.385919
4	1YCQA	0	2	-150.757315
7	1EM9A	0	1	-158.115898
7	1EM9A	1	6	169.078541
7	1EM9A	2	6	-20.991153
7	1EM9A	3	6	136.680740
10	1HU3A	0	2	-27.557888
10	1HU3A	1	3	-45.975972
10	1HU3A	2	4	-51.529086
10	1HU3A	4	5	-161.782324
10	1HU3A	5	6	-152.585191
10	1HU3A	6	7	-150.652392
10	1HU3A	7	9	8.580812
10	1HU3A	8	9	-146.555402
7	1S0PA	0	1	-173.597803
7	1S0PA	1	3	-166.611300
7	1S0PA	4	5	-170.018482
7	1S0PA	0	6	-165.006255
7	1S0PA	5	6	-167.895797
6	1EE8A	3	4	133.557670
6	1EE8A	2	5	115.180413
6	1EE8A	4	5	130.964293
5	1R1UA	1	2	118.193027
5	1R1UA	1	3	-81.764848
5	1R1UA	2	3	114.822246
5	1SJ7A	0	2	5.116571
5	1SJ7A	1	2	-154.531267
5	1SJ7A	0	3	-164.737402
5	1SJ7A	2	3	-169.202757
5	1SJ7A	3	4	-161.826491
10	1K3YA	0	2	7.240396
10	1K3YA	0	6	124.202401
10	1K3YA	3	6	22.402894
10	1K3YA	6	7	-107.585838
10	1K3YA	0	8	129.876831
10	1K3YA	7	8	-81.974679
6	1S3JA	1	2	121.652575
6	1S3JA	2	3	116.428556
6	1S3JA	1	4	-107.700482
8	1N81A	0	2	132.425486
8	1N81A	0	3	-42.388089
8	1N81A	2	3	115.838327
8	1N81A	0	4	165.614489
8	1N81A	4	6	139.197695
8	1N81A	3	7	-169.420820
8	1N81A	4	7	-45.352343
8	1N81A	6	7	118.640889
8	1K6YA	1	2	132.490559
8	1K6YA	3	4	-17.871771
8	1K6YA	5	6	116.081330
5	2HTNA	0	1	-160.792534
5	2HTNA	0	2	-164.182303
5	2HTNA	1	2	22.847499
5	2HTNA	1	3	-167.138169
5	2HTNA	2	3	-156.729651
4	2OH3A	0	1	-157.829858
4	2OH3A	0	2	-172.781915
4	2OH3A	1	3	177.724090
4	2OH3A	2	3	-156.745431
10	2E2RA	1	2	125.356397
10	2E2RA	0	5	92.877920
10	2E2RA	2	5	144.185957
10	2E2RA	5	6	-164.708679
10	2E2RA	6	7	128.492862
10	2E2RA	2	8	102.737105
10	2E2RA	4	8	-159.051307
10	2E2RA	1	9	81.039014
3	1XEQA	0	1	-146.120812
3	1XEQA	0	2	-87.672099
6	2E1FA	0	2	134.572575
6	2E1FA	0	5	148.522106
4	1H7CA	2	3	-140.621487
8	1EVSA	0	6	-150.220347
8	1EVSA	4	6	-156.202750
8	1EVSA	1	7	-173.522820
8	1EVSA	3	7	-40.854734
8	1EVSA	4	7	-152.970576
5	2ES9A	0	1	-173.125274
5	2ES9A	1	3	-36.072052
5	2ES9A	2	3	165.937537
5	2ES9A	0	4	154.751924
7	2Q37A	0	1	140.999091
7	2Q37A	4	5	30.329949
7	2Q37A	1	6	155.591376
6	1B4AA	0	2	-75.463568
6	1B4AA	3	4	-153.880831
6	2A0BA	2	3	-166.255083
6	2A0BA	3	4	-155.921096
6	2A0BA	2	5	-158.553766
6	2A0BA	4	5	-158.698788
10	2AL6A	4	7	-63.774492
10	2AL6A	4	8	-164.797790
6	1G8EA	0	3	134.677398
5	1QLSA	1	3	120.641771
5	1QLSA	0	4	130.452050
9	1QHDA	0	1	-134.172191
9	1QHDA	0	2	-151.342116
9	1QHDA	1	2	52.818143
9	1QHDA	6	8	89.327827
8	1D2ZB	1	4	151.610645
8	1D2ZB	0	5	127.004844
8	1D2ZB	1	5	26.094672
8	1D2ZB	2	6	65.531762
8	1D2ZB	0	7	159.169174
8	1D2ZB	6	7	-150.718090
6	1D2ZA	0	3	127.946090
6	1D2ZA	2	3	140.241622
6	1D2ZA	0	5	172.544985
5	2O3LA	0	1	138.061005
5	2O3LA	0	2	29.872731
5	2O3LA	1	2	162.666373
5	2O3LA	1	4	-61.544488
5	2O3LA	2	4	122.700263
6	2C8SA	1	4	-91.275479
6	2C8SA	3	4	123.767904
4	1H3LA	1	2	130.680890
4	1H3LA	1	3	-33.132202
4	1H3LA	2	3	121.086476
8	1JUOA	1	2	108.536798
8	1JUOA	2	6	22.776520
8	1JUOA	3	6	117.577265
4	1J55A	1	2	105.355548
4	1J55A	0	3	127.878870
5	1WEJF	0	4	-89.035009
5	1WEJF	2	4	131.114399
9	1YLAA	5	7	-164.446412
9	1YLAA	6	7	128.054114
3	2F23A	0	1	-154.881932
7	1Q5ZA	1	5	170.810322
7	1Q5ZA	1	6	48.181807
7	1Q5ZA	4	6	-25.451598
7	1Q5ZA	5	6	-134.331478
8	1FHJB	1	2	146.983354
8	1FHJB	1	3	114.912301
8	1FHJB	1	6	127.791611
8	1FHJB	0	7	-94.698884
8	1FHJB	6	7	155.412630
6	1FHJA	1	2	118.218126
6	1FHJA	1	4	125.257065
6	1FHJA	0	5	-97.938252
6	1FHJA	4	5	152.264099
3	2D8DA	1	2	149.091723
6	2PQRA	1	2	-152.089022
6	2PQRA	2	3	-150.206411
6	2PQRA	2	4	16.769218
6	2PQRA	3	4	-158.409066
6	2PQRA	4	5	-152.554789
7	1NG6A	0	1	-151.771467
7	1NG6A	2	3	-158.631399
7	1NG6A	4	5	129.512275
7	1NG6A	4	6	-48.641378
4	2RH3A	1	3	90.086704
4	2RH3A	2	3	92.844596
7	1S2XA	0	3	147.765084
7	1S2XA	3	4	173.931939
7	1S2XA	2	5	-21.341952
7	1S2XA	3	6	-3.102059
7	1S2XA	4	6	176.634086
3	2J5YA	0	1	160.476514
3	2J5YA	0	2	-4.420425
3	2J5YA	1	2	159.199448
4	1Y0UA	1	2	150.724614
4	1Y0UA	1	3	-84.495403
4	1I2TA	0	1	142.364623
4	1I2TA	0	2	46.235944
4	1I2TA	1	3	106.042608
3	2VQCA	0	1	111.991548
3	2VQCA	0	2	-68.804373
3	2VQCA	1	2	118.406560
9	2FD5A	0	1	117.169111
9	2FD5A	0	2	-81.739386
9	2FD5A	2	6	4.128093
9	2FD5A	3	7	-12.860593
9	2FD5A	6	7	120.778993
9	2FD5A	7	8	-175.485609
10	1H99A	0	1	126.646602
10	1H99A	0	3	147.305398
10	1H99A	1	4	167.439435
10	1H99A	2	4	49.711349
10	1H99A	3	4	122.915089
10	1H99A	5	6	129.295257
10	1H99A	5	8	139.842905
10	1H99A	6	9	-153.597754
10	1H99A	7	9	28.211084
10	1H99A	8	9	130.718053
3	1WADA	1	2	171.086635
9	1XG0C	3	4	128.336404
9	1XG0C	2	7	128.056203
9	1XG0C	3	7	139.841025
9	1XG0C	2	8	-54.439737
9	1XG0C	4	8	135.320543
9	1XG0C	7	8	172.304220
7	1HY5A	0	2	-150.567758
7	1HY5A	2	3	-140.303525
7	1HY5A	3	6	-168.515108
5	1CI4A	0	4	-23.662632
5	1CI4A	2	4	-85.493586
5	1FAZA	1	2	86.716669
5	1FAZA	2	3	168.962442
5	1FAZA	3	4	164.458224
3	2QTIA	1	2	147.702752
6	1SRAA	0	1	-107.384835
6	1SRAA	0	2	58.521429
6	1SRAA	0	3	88.722746
6	1SRAA	4	5	110.928232
8	1GSUA	0	2	12.656864
8	1GSUA	3	4	-166.364249
8	1GSUA	0	5	129.940980
8	1GSUA	3	5	30.813528
8	1GSUA	4	5	-136.718619
8	1GSUA	5	6	-117.623544
5	1NZEA	0	2	-153.087412
5	1NZEA	2	3	-166.839249
5	1NZEA	0	4	-150.825168
5	1NZEA	3	4	-162.702062
9	2BS2B	1	5	-42.677918
9	2BS2B	2	5	-163.908080
9	2BS2B	5	8	72.347997
5	1BG7A	0	1	-162.576493
5	1BG7A	0	2	-171.700350
5	1BG7A	2	3	-158.480248
7	1GUXB	0	1	149.812523
7	1GUXB	0	2	-52.712112
7	1GUXB	1	2	129.361353
7	1GUXB	2	3	143.081816
7	1GUXB	2	5	-66.011390
7	1GUXB	1	6	122.481789
7	1GUXB	2	6	-42.518659
7	1GUXB	5	6	-53.599421
3	1OAIA	0	1	116.136518
10	1GUXA	0	3	101.300931
10	1GUXA	2	3	144.931277
10	1GUXA	2	5	-36.258620
10	1GUXA	3	5	126.017315
10	1GUXA	5	7	-68.676311
10	1GUXA	7	8	-155.231688
3	1LVFA	0	1	-151.810342
3	1LVFA	0	2	20.172971
3	1LVFA	1	2	-153.051652
10	1K0MA	0	2	3.974317
10	1K0MA	3	4	-158.988982
10	1K0MA	0	6	139.080263
10	1K0MA	3	6	15.534111
10	1K0MA	6	7	-106.435991
10	1K0MA	0	8	135.462977
10	1K0MA	6	9	-74.957676
8	1P7GA	1	2	-143.571617
8	1P7GA	4	6	145.461766
8	1P7GA	3	7	79.273430
9	1V2AA	0	2	-10.958455
9	1V2AA	3	6	16.711086
9	1V2AA	5	7	65.336958
9	1V2AA	6	7	-113.356542
10	1J02A	2	4	-148.369121
10	1J02A	2	5	-14.313751
10	1J02A	5	6	-132.352923
10	1J02A	0	9	-18.206184
10	1J02A	5	9	-163.601657
10	1J02A	6	9	-51.963940
5	2ETSA	1	3	161.521126
5	2ETSA	0	4	-164.558923
5	2ETSA	3	4	-129.784445
5	2D1HA	1	3	-78.821041
5	2D1HA	2	3	115.857026
10	1KV9A	7	8	64.579369
10	1KV9A	5	9	-99.426698
10	1KV9A	8	9	121.895745
5	1BZ4A	0	2	-158.473023
5	1BZ4A	2	3	175.424497
5	1BZ4A	0	4	-163.671912
5	1BZ4A	3	4	-167.859814
8	1PAQA	0	1	167.086272
8	1PAQA	0	2	-51.815449
8	1PAQA	1	2	129.799418
8	1PAQA	2	3	139.166686
8	1PAQA	2	4	-35.700316
8	1PAQA	3	5	-31.358103
8	1PAQA	4	5	147.157827
8	1PAQA	5	7	-40.083850
8	1PAQA	6	7	-134.472680
10	2HUOA	3	4	160.132127
10	2HUOA	4	6	-21.164817
10	2HUOA	5	6	-151.195092
10	2HUOA	3	8	111.870304
10	2HUOA	6	8	-67.813541
10	2HUOA	7	8	-104.020582
10	2HUOA	3	9	72.687241
10	2HUOA	4	9	-116.482082
9	1XB2B	0	1	116.719300
9	1XB2B	1	2	137.133403
9	1XB2B	2	6	98.311456
7	1XB2A	0	4	32.747168
7	1XB2A	0	5	-88.316457
5	2O4TA	0	1	157.554420
5	2O4TA	0	3	-58.673152
10	2OI8A	0	1	118.413641
10	2OI8A	1	2	109.707494
10	2OI8A	3	4	147.093713
10	2OI8A	3	5	-113.027311
10	2OI8A	3	6	19.155837
10	2OI8A	4	8	-33.141015
10	2OI8A	5	8	-123.217399
10	2OI8A	8	9	172.763197
9	1R5AA	0	2	-8.781755
9	1R5AA	4	5	-152.598703
9	1R5AA	0	6	132.131178
9	1R5AA	6	7	-106.836481
9	1R5AA	0	8	170.580008
9	1R5AA	6	8	-39.613012
5	1F80D	0	2	138.420215
4	1F80A	1	2	145.964509
4	1F80A	0	3	112.412893
4	1F80A	1	3	38.876768
8	1K6KA	0	1	121.411352
8	1K6KA	1	3	-145.462899
8	1K6KA	1	5	-144.943072
8	1K6KA	2	5	-63.651307
8	1K6KA	4	5	120.650897
8	1K6KA	3	6	153.437383
5	2GYQA	0	1	-154.644499
5	2GYQA	0	2	-17.595189
5	2GYQA	0	3	-161.037010
5	2GYQA	1	4	-170.985186
5	2GYQA	3	4	-158.020996
3	1UJ8A	0	2	-53.104429
3	1UJ8A	1	2	85.815591
5	1NNQA	0	1	-160.612582
5	1NNQA	2	4	-148.906408
5	1NNQA	3	4	-169.775858
8	2DT5A	0	1	105.205787
8	2DT5A	1	2	109.732859
8	2DT5A	0	3	-141.456506
3	1JLTA	0	2	-28.956933
3	1JLTA	1	2	170.988031
3	1JLTB	0	2	-33.726375
3	1JLTB	1	2	177.404609
8	2FXAA	1	2	120.125601
8	2FXAA	1	3	-84.008249
8	2FXAA	2	3	112.579185
8	2FXAA	1	4	-105.238955
8	3E46A	4	6	-166.825559
8	3E46A	5	6	129.591840
8	3E46A	6	7	130.213581
10	1QKSA	1	5	-90.053973
10	1QKSA	4	5	135.546361
4	1VKUA	0	1	119.088983
4	1VKUA	0	3	116.429148
5	1B4FA	3	4	130.750717
9	2GENA	0	1	122.913779
9	2GENA	3	6	15.559556
9	2GENA	4	7	-33.572814
9	2GENA	4	8	142.167871
9	2GENA	7	8	161.126666
8	3CJRA	2	3	-21.965119
8	3CJRA	6	7	-23.050402
4	1TQGA	0	1	-161.924583
4	1TQGA	1	2	-156.747012
4	1TQGA	0	3	-159.663513
4	1TQGA	2	3	-157.577710
7	1D9CA	0	3	-132.188774
7	1D9CA	2	3	-155.087849
7	1D9CA	2	4	-72.450877
4	1I27A	0	3	-67.850247
4	1I27A	1	3	125.167223
5	1DKZA	1	3	27.901897
5	1DKZA	2	3	-168.129647
8	2P1AA	1	2	109.137253
8	2P1AA	3	4	163.764409
8	2P1AA	0	5	-177.504350
8	2P1AA	3	5	37.869381
8	2P1AA	0	7	22.156522
8	2P1AA	2	7	-163.549036
8	2P1AA	3	7	154.068304
8	2V1FA	1	2	-115.781067
8	2V1FA	1	3	154.898299
8	2V1FA	1	4	105.403408
8	2V1FA	1	6	124.980817
8	2V1FA	5	7	-60.675956
7	1QPWB	1	3	117.987789
7	1QPWB	1	5	128.067488
7	1QPWB	0	6	-100.391735
7	1QPWB	5	6	155.188894
9	1J1JA	1	3	-150.496609
9	1J1JA	3	5	-44.394610
9	1J1JA	5	6	-156.972206
9	1J1JA	5	8	21.459561
9	1J1JA	6	8	-147.692380
5	1NFVA	0	1	-162.725741
5	1NFVA	0	2	-168.272192
5	1NFVA	1	2	21.059025
5	1NFVA	1	3	-164.915939
5	1NFVA	2	3	-159.978073
9	1B8DB	0	1	170.219592
9	1B8DB	3	4	126.770688
9	1B8DB	4	5	152.051481
9	1B8DB	3	7	136.272382
9	1B8DB	4	8	135.645267
9	1B8DB	7	8	174.145340
8	1I3DA	1	3	113.580011
8	1I3DA	1	6	125.915165
8	1I3DA	0	7	-91.327858
8	1I3DA	6	7	154.437487
7	2D5XB	1	2	148.736857
7	2D5XB	1	3	114.237391
7	2D5XB	1	5	126.629491
7	2D5XB	0	6	-91.200674
7	2D5XB	5	6	155.163940
5	1Z21A	0	1	-131.860361
5	1Z21A	1	2	130.440776
5	1Z21A	1	3	-73.533642
5	1Z21A	2	4	-79.720538
5	1Z21A	3	4	-154.169689
8	1TU7A	0	1	14.198513
8	1TU7A	2	4	-169.065423
8	1TU7A	0	5	119.933902
8	1TU7A	2	5	26.809519
8	1TU7A	4	6	77.220087
8	1TU7A	5	6	-107.019523
8	1TU7A	0	7	133.075860
5	1LFMA	0	4	-92.830187
5	1LFMA	2	4	131.653833
4	2VLQA	0	1	-140.879336
4	2VLQA	0	3	130.073293
4	2VLQA	1	3	-29.956417
4	2IPQX	0	2	-85.352106
7	1Q1FA	1	3	106.447625
7	1Q1FA	0	5	74.048510
7	1Q1FA	1	5	125.403720
7	1Q1FA	0	6	-91.943194
7	1Q1FA	5	6	154.071054
8	1BSMA	1	2	-148.022038
8	1BSMA	4	6	139.467801
8	1BSMA	3	7	80.009148
3	1OKSA	0	1	169.585992
6	1MIJA	2	3	162.716601
6	1MIJA	2	4	-56.806701
6	1MIJA	3	4	124.419005
6	1MIJA	4	5	160.008752
6	1O82A	1	5	137.389955
5	1YYVA	0	1	-70.952289
5	1YYVA	2	3	123.590396
10	2O70A	1	2	142.231802
10	2O70A	7	8	27.600528
10	2O70A	3	9	151.332784
10	2O70A	4	9	56.150632
8	1HE1A	1	3	-151.011317
8	1HE1A	3	4	-144.710349
8	1HE1A	3	5	-127.827682
8	1HE1A	1	7	-145.315963
8	1HE1A	4	7	-165.783698
4	1K04A	1	2	-174.463827
4	1K04A	1	3	14.603228
4	1K04A	2	3	-167.407599
9	1UHNA	2	3	117.035517
9	1UHNA	1	4	113.801741
9	1UHNA	3	5	99.629724
9	1UHNA	6	7	111.720390
9	1UHNA	5	8	121.333397
9	1JF0A	1	2	7.521448
9	1JF0A	1	3	150.334760
9	1JF0A	3	5	-160.008657
9	1JF0A	6	7	129.869500
9	1JF0A	5	8	138.674942
5	1WUDA	0	4	132.666351
5	1WUDA	3	4	122.195637
3	2H9DA	0	2	-41.001274
3	2H9DA	1	2	144.497406
7	2AO9A	1	2	141.502516
7	2AO9A	0	4	-157.117326
7	2AO9A	1	4	-41.232879
7	2AO9A	5	6	-132.712979
10	1S6CA	2	3	134.610710
10	1S6CA	1	4	126.724990
10	1S6CA	3	6	-121.094709
10	1S6CA	6	7	137.610439
10	1S6CA	5	8	124.562379
10	1S6CA	7	9	-113.651557
7	1C52A	0	4	-89.497737
7	1C52A	3	5	-66.208992
7	1C52A	4	5	118.782349
7	1C52A	3	6	-163.916792
6	2R25A	1	2	-163.113683
6	2R25A	2	3	-156.534349
6	2R25A	1	5	-154.739695
6	2R25A	3	5	-165.758827
7	2R9GA	0	1	-149.533971
7	2R9GA	0	2	-32.802590
7	2R9GA	2	3	-172.596687
7	2R9GA	1	4	156.009328
7	2R9GA	2	4	25.309120
7	2R9GA	3	4	-162.092894
3	1ZKEA	0	2	-160.222296
3	1ZKEA	1	2	-100.160662
7	2IONA	0	1	167.076834
7	2IONA	0	2	-48.265346
7	2IONA	1	3	-54.465933
7	2IONA	2	3	-159.085880
7	2IONA	2	4	-31.602436
7	2IONA	3	5	-36.549327
7	2IONA	4	5	-156.621816
5	3D7CA	0	2	-161.188624
5	3D7CA	3	4	-161.290226
8	1AXIA	0	5	-146.784677
8	1AXIA	3	5	-155.145365
8	1AXIA	0	7	-153.807893
8	1AXIA	3	7	-154.311808
5	1UZ3A	0	1	-177.717203
5	1UZ3A	0	2	-47.966128
5	1UZ3A	2	4	-146.622600
7	1H21A	0	1	129.008456
7	1H21A	1	2	-37.473553
7	1H21A	2	3	157.524980
7	1H21A	0	5	143.538302
7	1H21A	1	5	-45.444872
7	1H21A	2	5	-21.562572
10	2I5NL	1	2	-163.948194
10	2I5NL	2	7	10.935143
10	2I5NL	5	7	-159.955444
4	1Y4LA	0	3	-31.416761
4	1Y4LA	2	3	175.152246
9	1F99B	3	4	125.871915
9	1F99B	3	7	135.002467
9	1F99B	2	8	-54.325030
9	1F99B	4	8	136.447392
9	1F99B	7	8	171.461445
9	1F99A	2	4	125.721207
9	1F99A	4	5	142.646210
9	1F99A	2	7	127.348809
9	1F99A	4	7	-58.121646
9	1F99A	1	8	-93.599492
9	1F99A	4	8	123.573075
9	1F99A	7	8	-173.162977
5	1EUMA	0	1	-162.118384
5	1EUMA	0	2	-169.359561
5	1EUMA	1	2	16.751017
5	1EUMA	1	3	-174.025242
5	1EUMA	2	3	-160.143137
10	2PRRA	0	2	50.318514
10	2PRRA	1	2	140.944754
10	2PRRA	3	4	-150.841724
10	2PRRA	4	5	138.725296
10	2PRRA	3	6	-44.551685
10	2PRRA	2	8	-150.361321
10	2PRRA	3	8	-43.862484
10	2PRRA	6	8	-55.629943
4	1CNT1	0	2	-152.838435
4	1CNT1	1	2	-158.331454
4	1CNT1	0	3	-159.550587
4	1CNT1	1	3	-151.539870
4	1K8UA	1	2	-146.514018
4	1K8UA	0	3	116.984103
4	1K8UA	1	3	-41.601526
4	1K8UA	2	3	-158.206382
4	1JI7A	0	3	111.200074
7	3BGEA	0	1	-156.079238
7	3BGEA	0	2	-40.646800
7	3BGEA	2	3	-168.459138
7	3BGEA	1	4	150.447664
7	3BGEA	3	4	-167.990420
4	2O6KA	0	1	-120.776336
9	1JLVA	0	2	-4.744954
9	1JLVA	4	5	-153.154170
9	1JLVA	0	6	139.954740
9	1JLVA	0	8	165.611386
9	1JLVA	6	8	-31.684445
4	2FQ3A	1	3	-58.164951
5	2PPXA	0	2	-107.008603
5	2PPXA	1	2	119.604884
5	2PPXA	3	4	116.737208
5	1LRWA	3	4	-40.316040
4	2GF4A	0	2	27.968770
4	2GF4A	1	2	160.690808
10	2G7GA	1	2	92.094393
10	2G7GA	0	3	-84.052563
10	2G7GA	4	7	-40.688846
10	2G7GA	6	7	123.619639
10	2G7GA	4	9	145.341423
10	2G7GA	7	9	171.593250
10	2O4JA	1	2	127.445825
10	2O4JA	0	5	86.024364
10	2O4JA	5	6	-165.019710
10	2O4JA	2	7	99.105106
10	2O4JA	4	7	-155.446820
10	2O4JA	1	9	67.595875
8	1ULYA	1	3	-78.834555
8	1ULYA	2	3	121.567647
8	1ULYA	4	5	124.322003
8	1ULYA	5	6	123.207093
8	1ULYA	5	7	-137.411550
5	1F1CA	0	4	-95.751039
5	1F1CA	3	4	124.993052
6	2IJQA	0	1	-168.428366
6	2IJQA	1	2	-158.297148
6	2IJQA	2	3	-163.341909
6	2IJQA	3	4	-143.610563
6	2IJQA	0	5	-113.750266
9	1MY6A	1	3	-143.513644
9	1MY6A	2	3	-137.377695
9	1MY6A	4	5	77.765359
9	1MY6A	5	7	141.827048
9	1MY6A	4	8	84.713666
6	1NIGA	0	1	-164.232966
6	1NIGA	0	4	-163.177570
6	1NIGA	1	5	-166.455098
6	1NIGA	2	5	68.880631
6	1NIGA	4	5	-166.397577
6	1VHBA	0	2	-138.120674
6	1VHBA	1	4	135.258301
6	1VHBA	3	5	-66.502449
6	1VHBA	4	5	153.405675
10	1JLWA	0	2	-6.966796
10	1JLWA	5	6	-154.752699
10	1JLWA	0	7	137.909053
10	1JLWA	7	8	-105.875220
10	1JLWA	7	9	-33.010012
5	1GU2A	0	4	-147.788240
5	1GU2A	1	4	-97.889573
6	1EH6A	3	4	97.466162
9	2HS5A	0	2	-53.164568
9	2HS5A	1	2	119.534818
9	2HS5A	3	5	48.269019
9	2HS5A	4	5	-171.171980
9	2HS5A	3	6	-137.030635
9	2HS5A	5	6	156.905901
9	2HS5A	4	7	-148.149654
9	2HS5A	5	7	31.445682
9	2HS5A	3	8	173.457337
9	2HS5A	7	8	-169.204695
5	1S7ZA	0	1	140.248769
5	1S7ZA	1	3	135.660214
5	1S7ZA	2	3	54.244760
5	1S7ZA	0	4	-45.104241
5	1NZ6A	0	4	-9.542477
5	1NZ6A	1	4	-144.885284
5	1NZ6A	2	4	-160.239403
6	1WU3I	0	2	-166.172265
6	1WU3I	1	2	-149.977567
6	1WU3I	1	3	-64.519374
6	1WU3I	1	4	-15.716740
6	1WU3I	0	5	-155.358177
6	1WU3I	1	5	-161.831766
6	1WU3I	4	5	-157.499282
9	2NP5A	0	1	108.896051
9	2NP5A	0	3	-88.991452
9	2NP5A	0	5	93.037043
9	2NP5A	3	5	-135.381212
9	2NP5A	4	8	140.038698
9	2NP5A	7	8	167.492494
6	1B0BA	0	2	160.943390
6	1B0BA	3	5	-70.364515
6	1B0BA	4	5	161.555772
5	1KL9A	1	2	-37.396870
5	1KL9A	2	3	110.817323
6	1VKAA	0	1	57.329679
6	1VKAA	1	2	24.190041
6	1VKAA	0	4	55.072180
6	1VKAA	1	4	7.452816
5	1VYDA	1	3	45.288324
5	1VYDA	0	4	-94.348809
5	1VYDA	2	4	131.897978
10	1EMUA	2	3	-133.498416
10	1EMUA	3	4	-158.764025
10	1EMUA	3	7	-147.386853
10	1EMUA	2	8	103.071722
5	1MIDA	0	3	-66.390341
3	1TAFB	1	2	118.134612
10	3BU8A	0	1	-159.060955
10	3BU8A	0	2	37.185232
10	3BU8A	1	2	-133.966049
10	3BU8A	2	3	-156.708995
10	3BU8A	3	4	176.514120
10	3BU8A	4	5	-161.939762
10	3BU8A	4	6	12.349015
10	3BU8A	5	6	-163.034485
10	3BU8A	2	8	171.967568
10	3BU8A	4	8	-158.118851
10	3BU8A	0	9	-83.654626
6	3E5UA	2	4	-58.066089
6	3E5UA	2	5	-140.302309
4	2PSMA	0	2	-160.458249
4	2PSMA	1	2	-152.532616
4	2PSMA	0	3	-161.181322
5	1N62A	1	2	123.487914
5	1N62A	1	4	138.044484
5	1N62A	2	4	-44.554330
5	1N62A	3	4	111.424647
8	2OC5A	0	1	-167.816285
8	2OC5A	0	2	-18.895496
8	2OC5A	2	3	154.346340
8	2OC5A	3	5	-93.932881
8	2OC5A	4	6	139.055479
3	1QSDA	0	1	-160.851021
10	1F3AA	0	2	7.080527
10	1F3AA	0	6	123.862574
10	1F3AA	3	6	20.495138
10	1F3AA	5	7	83.089310
10	1F3AA	6	7	-110.875034
10	1F3AA	0	8	129.330859
9	1HTJF	3	4	-160.472912
9	1HTJF	2	6	82.666383
9	1HTJF	3	6	-133.862158
9	1HTJF	2	7	12.163171
9	1HTJF	2	8	172.797713
9	1HTJF	3	8	35.058375
9	1HTJF	4	8	-147.610591
6	1F6FA	0	4	-153.911818
6	1F6FA	0	5	-156.164511
6	1F6FA	2	5	-150.194855
3	1H3OB	1	2	116.235585
3	1GXQA	0	2	-86.083608
5	1X2IA	0	1	108.519210
5	1X2IA	1	2	101.559125
5	1UFBA	0	1	-168.320177
5	1UFBA	1	2	19.287671
5	1UFBA	2	3	148.117118
5	1UFBA	0	4	-162.181830
5	1UFBA	1	4	10.811914
5	1UFBA	3	4	-132.442549
4	2IB0A	0	1	-156.124163
4	2IB0A	0	2	-167.634591
4	2IB0A	1	3	-163.512778
4	2IB0A	2	3	-159.789618
5	2Q91A	0	4	130.967737
7	1ZYBA	0	1	108.847485
7	1ZYBA	4	6	-78.917461
9	1YW9A	0	2	118.268687
9	1YW9A	2	3	140.957200
9	1YW9A	4	5	153.652247
9	1YW9A	6	8	-77.626087
9	1T0FA	2	3	116.170335
9	1T0FA	4	8	-111.687957
9	1T0FA	7	8	128.420093
3	1T0FC	0	1	116.747605
7	1GGZA	1	2	112.042394
7	1GGZA	3	6	127.527182
9	2C0GA	1	3	-50.447134
9	2C0GA	4	6	26.292548
9	2C0GA	5	6	-161.711092
9	2C0GA	6	8	-48.794380
9	2C0GA	7	8	-164.700071
4	1HB6A	1	2	-56.600522
4	1HB6A	0	3	41.660744
4	1HB6A	1	3	-147.276443
6	1LJ9A	1	2	118.452001
6	1LJ9A	1	3	-85.335766
6	1LJ9A	2	3	115.004931
6	1LJ9A	1	4	-108.980971
8	1WB8A	1	2	-148.001596
8	1WB8A	4	6	147.973965
4	1L8RA	1	3	107.515758
7	1XLYA	0	1	-157.975897
7	1XLYA	0	2	15.708181
7	1XLYA	0	4	-154.136837
7	1XLYA	0	6	14.759437
7	1XLYA	4	6	-164.830779
5	2PY8A	0	2	43.091222
5	2PY8A	0	3	120.966062
5	2PY8A	2	3	-150.429619
4	2I5UA	1	3	6.997675
4	2I5UA	2	3	132.563778
9	1E6YC	0	5	-34.088849
9	1E6YC	1	6	105.765416
6	1SD4A	0	1	112.816763
6	1SD4A	0	2	-79.362370
6	1SD4A	1	2	126.430125
6	1CG5A	1	2	112.955239
6	1CG5A	1	4	125.765978
6	1CG5A	0	5	-80.856733
6	1CG5A	4	5	153.661294
7	1NP8A	1	2	120.973717
7	1NP8A	1	3	-30.834393
7	1NP8A	2	6	21.615556
7	1NP8A	3	6	123.284741
9	1B6AA	0	2	114.175209
9	1B6AA	2	3	141.613951
9	1B6AA	4	5	154.313180
9	1B6AA	3	7	-65.852339
9	1B6AA	6	8	-78.124348
7	1CG5B	1	2	118.172875
7	1CG5B	1	5	122.680041
7	1CG5B	0	6	-90.673633
7	1CG5B	5	6	154.552870
8	1COJA	1	2	-146.094552
8	1COJA	4	6	135.134765
8	1COJA	3	7	67.450145
10	1XAPA	3	4	128.103493
10	1XAPA	0	5	93.761627
10	1XAPA	2	5	136.274135
10	1XAPA	0	6	-91.304840
10	1XAPA	5	6	-159.585951
10	1XAPA	2	7	101.342135
10	1XAPA	4	7	-168.071530
10	1XAPA	5	7	-53.848537
10	1XAPA	6	7	130.109233
6	1LB3A	0	1	-162.446555
6	1LB3A	0	2	-169.964449
6	1LB3A	1	2	13.273014
6	1LB3A	2	4	-157.682581
6	2QJZA	0	1	55.788598
6	2QJZA	1	2	24.346843
6	2QJZA	0	4	55.278825
6	2QJZA	1	4	7.014812
9	1M45A	1	2	108.857457
9	1M45A	1	3	-68.563650
9	1M45A	6	7	134.561078
9	1M45A	5	8	143.966302
9	1BOUB	0	3	54.322519
9	1BOUB	2	4	126.255778
9	1BOUB	5	6	-122.767913
9	1BOUB	4	8	-38.612542
4	1Y02A	0	2	-110.657592
4	1Y02A	1	3	132.409691
4	1Y02A	2	3	36.426766
6	2V9VA	0	1	130.010121
6	2V9VA	0	2	-65.470520
6	2V9VA	1	2	112.032737
6	2V9VA	3	5	-72.087585
10	1RP3A	0	1	141.573036
10	1RP3A	0	2	-57.944471
10	1RP3A	1	2	134.085563
10	1RP3A	3	4	115.970207
10	1RP3A	5	9	18.997420
10	1RP3A	7	9	-97.521468
8	2J7YA	1	2	124.115828
8	2J7YA	0	4	78.766063
8	2J7YA	2	4	145.182428
8	2J7YA	0	5	-104.147519
8	2J7YA	4	5	-163.582551
8	2J7YA	2	6	101.011903
8	2J7YA	3	6	-162.978612
8	2J7YA	4	6	-52.995801
8	2J7YA	1	7	84.394214
6	1MZ4A	1	5	-93.084252
6	1MZ4A	4	5	123.313373
5	1CUNA	0	1	-158.831568
4	2GRRA	2	3	-131.562023
10	2GRRB	1	4	64.647090
10	2GRRB	2	4	-38.754458
10	2GRRB	3	4	-169.916773
10	2GRRB	3	6	107.822653
10	2GRRB	6	9	16.897535
10	2GRRB	7	9	-146.337823
3	1P7JA	0	1	162.764500
3	1P7JA	0	2	-57.431763
3	1P7JA	1	2	115.164001
6	1SLMA	3	4	-44.575592
6	1GO3F	0	1	-136.361243
6	1GO3F	2	3	136.973530
9	1OUTB	1	3	114.172313
9	1OUTB	1	7	128.095419
9	1OUTB	0	8	-91.543477
9	1OUTB	7	8	156.643447
7	1OUTA	1	2	120.082354
7	1OUTA	1	5	124.106272
7	1OUTA	0	6	-100.469592
7	1OUTA	5	6	153.613853
3	2NS0A	0	1	109.884268
3	2NS0A	0	2	-72.077932
10	1RKTA	0	1	114.927257
10	1RKTA	3	4	132.348436
10	1RKTA	3	5	-114.280447
10	1RKTA	3	6	-8.675242
10	1RKTA	6	7	116.939672
10	1RKTA	4	9	163.960609
10	1RKTA	7	9	173.352213
5	2PEOA	0	3	123.324455
4	2OD5A	0	1	117.372230
10	1H1OA	1	4	143.828754
10	1H1OA	7	8	-87.841162
10	1H1OA	5	9	-97.677635
10	1H1OA	7	9	144.105386
5	1QL3A	0	4	-97.047968
5	1QL3A	2	4	128.606592
9	1PD21	0	2	16.788134
9	1PD21	3	5	-165.806592
9	1PD21	0	6	129.622908
9	1PD21	3	6	18.694171
9	1PD21	6	7	-111.548954
9	1PD21	0	8	125.983453
6	1DVKA	1	2	-158.356693
6	1DVKA	1	3	49.551957
6	1DVKA	3	4	-160.744757
6	1DVKA	1	5	57.343764
6	1DVKA	2	5	-118.752329
6	1DVKA	4	5	-169.124498
9	1OR7A	0	1	-127.343364
9	1OR7A	1	2	137.638127
9	1OR7A	2	3	128.592720
9	1OR7A	5	8	130.262848
9	1OR7A	6	8	-95.201533
5	1Y6XA	0	1	-70.107564
5	1Y6XA	0	3	-50.470783
5	1Y6XA	2	3	-160.396561
5	2ETDA	0	2	26.000619
5	2ETDA	1	2	-160.521541
5	2ETDA	0	4	-159.502931
5	2ETDA	2	4	-155.624223
5	2BK6A	0	1	-159.095805
5	2BK6A	0	3	-166.650264
5	2BK6A	1	3	21.897389
5	2BK6A	1	4	-167.655772
5	2BK6A	3	4	-156.865321
6	3D1KA	1	2	117.315084
6	3D1KA	1	4	125.433924
6	3D1KA	0	5	-101.314209
6	3D1KA	4	5	154.677453
9	3D1KB	1	3	112.650172
9	3D1KB	1	7	128.349578
9	3D1KB	0	8	-88.045553
9	3D1KB	7	8	157.071060
10	1N46A	2	3	118.237715
10	1N46A	4	5	145.210629
10	1N46A	0	6	90.454271
10	1N46A	3	6	139.913658
10	1N46A	6	7	-160.358412
10	1N46A	3	8	101.827432
10	1N46A	5	8	-156.781752
9	1DT0A	1	3	-142.036161
9	1DT0A	2	3	-130.775962
9	1DT0A	4	5	73.019885
9	1DT0A	5	7	142.014869
8	1GN4A	1	2	-144.824131
8	1GN4A	3	7	76.104719
6	1NZNA	0	1	-144.296925
6	1NZNA	1	2	-147.057182
6	1NZNA	1	3	21.226839
6	1NZNA	2	3	-156.038611
6	1NZNA	3	4	-152.400432
6	1NZNA	3	5	15.486522
6	1NZNA	4	5	-154.489736
6	1SZHA	0	1	136.638083
6	1SZHA	0	2	141.248005
6	1SZHA	3	4	-177.555864
7	1IRDA	1	2	114.594260
7	1IRDA	1	5	124.441243
7	1IRDA	0	6	-97.391484
7	1IRDA	2	6	98.928779
7	1IRDA	5	6	153.275232
8	2CCHA	2	4	169.718394
8	2CCHA	4	6	-145.327662
8	1IDRA	2	3	132.665345
8	1IDRA	2	5	129.020317
8	1IDRA	5	6	151.354142
6	1BJAA	0	1	99.832906
6	1BJAA	0	4	122.920946
9	1EYSL	0	1	-156.148820
9	1EYSL	1	2	-165.841789
9	1EYSL	2	7	13.455563
9	1EYSL	5	7	-155.456816
7	1JFZA	0	1	86.211502
7	1JFZA	1	5	154.565315
7	1JFZA	2	5	83.402058
7	1JFZA	4	5	69.203237
7	1JFZA	2	6	-56.350133
9	3CI0K	1	2	141.921483
9	3CI0K	1	5	124.072522
8	1SZ9A	0	1	-159.530197
8	1SZ9A	0	2	-28.453433
8	1SZ9A	1	3	-43.553035
8	1SZ9A	2	3	-155.396924
8	1SZ9A	2	4	-44.106775
8	1SZ9A	3	6	10.161473
8	1SZ9A	5	6	-155.230380
8	1SZ9A	5	7	-24.355025
9	1T95A	0	1	-131.546412
9	1T95A	1	3	73.372085
9	1T95A	4	5	123.147268
9	1T95A	7	8	156.434101
6	2O3FA	0	1	-136.316816
6	2O3FA	1	4	-78.987382
6	2O3FA	0	5	-109.094360
6	2O3FA	2	5	-136.175986
6	1N8VA	0	3	-18.472138
6	1N8VA	3	5	-78.142388
7	3BROA	1	3	-86.803579
7	3BROA	2	3	116.705608
7	3BROA	0	5	151.837663
7	3BROA	1	5	-102.922560
7	1UC3A	1	3	105.667233
7	1UC3A	3	4	-147.800864
9	2CVDA	0	2	14.614062
9	2CVDA	3	5	-166.492157
9	2CVDA	0	6	129.962765
9	2CVDA	3	6	19.716548
9	2CVDA	6	7	-113.584655
9	2CVDA	0	8	125.665744
7	1LK3A	0	4	-155.214939
7	1LK3A	2	4	-153.085502
7	1LK3A	3	5	-30.139578
7	1LK3A	0	6	-159.091219
7	1LK3A	2	6	-153.662148
5	2CG4A	0	2	-80.025742
5	2CG4A	1	2	112.615016
5	1SV0C	0	4	123.933634
5	1SV0C	3	4	141.354653
6	1E85A	0	2	-163.729716
6	1E85A	2	4	-157.684126
6	1E85A	4	5	-161.055892
4	2HTSA	1	2	-29.238405
9	2PFXA	3	4	-147.766112
9	2PFXA	4	5	153.738639
9	2PFXA	3	6	-40.075001
9	2PFXA	6	7	-156.007099
9	2PFXA	2	8	-141.122002
9	2PFXA	3	8	-42.323159
9	2PFXA	6	8	-49.155187
10	3BQOA	0	1	-152.613727
10	3BQOA	0	2	33.466629
10	3BQOA	1	2	-143.956895
10	3BQOA	2	3	-155.766051
10	3BQOA	3	4	-162.011601
10	3BQOA	4	5	150.899550
10	3BQOA	2	8	-152.901600
10	3BQOA	0	9	-78.545932
7	1ELWA	0	1	-165.684224
7	1ELWA	1	2	-156.693879
7	1ELWA	2	3	-159.474251
7	1ELWA	3	4	-156.512478
7	1ELWA	4	5	-174.273740
7	1ELWA	5	6	-146.234793
7	1JOGA	0	2	-152.053593
7	1JOGA	0	6	-150.004127
7	1JOGA	2	6	34.964439
6	1BWOA	0	2	-147.538468
6	1BWOA	0	3	-64.794693
6	1BWOA	4	5	-39.655128
5	1NOGA	0	1	-167.317666
5	1NOGA	0	3	-165.089557
5	1NOGA	2	4	27.092034
5	1NOGA	3	4	-168.409934
6	1DOWA	0	1	-171.106480
6	1DOWA	3	4	-172.285324
6	1DOWA	4	5	-155.301430
10	2A2RA	4	5	-161.556079
10	2A2RA	0	6	124.146436
10	2A2RA	4	6	28.748069
10	2A2RA	5	6	-133.193027
10	2A2RA	6	7	-109.571898
10	2A2RA	0	8	129.780720
4	2RLDA	0	1	-156.925755
4	2RLDA	0	2	36.898269
4	2RLDA	1	2	-159.619061
4	2RLDA	0	3	-149.233384
4	2RLDA	2	3	-165.235875
5	1ZTDA	0	2	84.278852
5	1ZTDA	1	2	76.195201
5	1ZTDA	0	3	-60.977682
5	1ZTDA	1	4	-52.491011
5	1ZTDA	2	4	44.728055
5	1ZTDA	3	4	135.225812
6	1U61A	0	1	132.106940
6	1U61A	0	4	84.707215
6	1U61A	2	4	73.649983
6	1U61A	3	4	129.608353
6	1U61A	0	5	-63.316303
6	1U61A	2	5	106.221799
6	1U61A	4	5	-147.771322
5	3C1VA	0	4	130.334295
4	1N1JA	1	2	113.392895
3	1N1JB	1	2	105.973965
5	1MZBA	1	3	-75.501879
5	1MZBA	2	3	122.413562
9	2ID6A	0	1	118.915806
9	2ID6A	0	5	72.270931
9	2ID6A	3	5	-115.529627
9	2ID6A	3	6	-11.704432
9	2ID6A	4	7	-18.091678
9	2ID6A	4	8	171.192792
9	2ID6A	7	8	166.114016
6	1GAKA	0	1	148.106881
6	1GAKA	0	3	-47.371484
6	1GAKA	2	3	123.032225
6	1GAKA	0	4	-54.504149
6	1GAKA	1	4	140.796269
6	1GAKA	1	5	49.946531
10	1HH8A	0	1	-168.286950
10	1HH8A	1	2	-150.350637
10	1HH8A	2	3	-162.741114
10	1HH8A	2	4	16.185316
10	1HH8A	3	4	-158.651668
10	1HH8A	4	5	-165.246718
10	1HH8A	4	6	20.560624
10	1HH8A	5	6	-161.968928
10	1HH8A	6	7	-166.652295
10	1HH8A	6	8	18.433803
10	1HH8A	7	8	-155.273527
7	2FBNA	0	1	-166.960486
7	2FBNA	0	2	25.488306
7	2FBNA	1	2	-153.677422
7	2FBNA	2	3	-153.268334
7	2FBNA	3	4	-147.604641
7	2FBNA	4	5	-152.732283
7	2FBNA	4	6	25.997304
7	2FBNA	5	6	-151.222562
4	1ZLBA	0	1	109.635682
4	1ZLBA	0	3	-35.462936
4	1ZLBA	2	3	174.172243
7	1UVXA	1	2	134.950924
7	1UVXA	1	4	128.272147
7	1UVXA	4	5	156.394028
7	1UVXA	3	6	-29.466597
8	1SWXA	0	1	-151.035078
8	1SWXA	1	3	-138.675535
8	1SWXA	3	4	144.723296
8	1SWXA	4	5	155.416757
8	1SWXA	3	7	-141.636502
5	2R25B	1	2	-16.257669
7	2ETHA	2	4	-80.039460
7	1CY5A	3	4	144.990149
7	1CY5A	2	5	130.973708
7	1CY5A	5	6	-141.719395
5	2AP3A	1	2	-165.477141
5	2AP3A	2	3	-160.526704
5	2AP3A	3	4	-166.154127
6	3DWYA	0	3	-156.376049
6	3DWYA	3	4	170.211763
6	3DWYA	0	5	143.007258
6	3DWYA	4	5	-164.457108
5	1AVSA	0	4	63.766507
5	1AVSA	1	4	119.474528
10	1GYGA	0	2	131.129499
10	1GYGA	2	5	-38.310584
10	1GYGA	4	5	-161.048754
10	1GYGA	0	9	-57.843820
10	1GYGA	5	9	146.545430
10	1GYGA	8	9	-174.256874
7	2ZPYA	2	4	-62.995774
7	2ZPYA	1	5	49.253798
7	2ZPYA	2	5	-165.125580
9	1SR7A	1	2	121.430311
9	1SR7A	2	3	-82.220958
9	1SR7A	2	4	145.744458
9	1SR7A	0	5	-98.685042
9	1SR7A	4	5	-163.335519
9	1SR7A	2	6	106.230076
9	1SR7A	3	6	-167.639369
9	1SR7A	4	6	-47.965278
9	1SR7A	1	8	88.168714
5	1AZSB	1	2	138.562335
5	1YARH	0	1	132.477607
5	1YARH	2	3	138.584421
5	1YARH	3	4	-75.092900
5	1AZSA	1	2	153.073503
8	1YARO	1	4	-153.654518
8	1YARO	3	6	-132.354882
8	1YARO	2	7	-170.991084
8	2FP1A	0	3	-41.188494
8	2FP1A	1	3	-52.906419
8	2FP1A	0	4	-159.194377
8	2FP1A	3	4	142.049504
8	2FP1A	0	6	-49.014295
8	2FP1A	0	7	122.492787
8	2FP1A	3	7	158.411399
6	1YARA	1	2	133.531552
6	1YARA	3	4	133.993685
9	1M70A	0	3	-99.421492
9	1M70A	2	3	136.843652
9	1M70A	4	8	-97.047962
9	1M70A	6	8	142.054092
9	1PHNA	2	4	127.209399
9	1PHNA	4	5	143.426137
9	1PHNA	2	7	129.863381
9	1PHNA	1	8	-93.254907
9	1PHNA	4	8	123.277335
9	1PHNA	7	8	-173.583813
9	1PHNB	3	4	127.784655
9	1PHNB	4	5	-142.902897
9	1PHNB	3	7	137.606552
9	1PHNB	2	8	-50.851263
9	1PHNB	7	8	169.555468
10	1WZDA	3	4	-158.232030
10	1WZDA	3	6	-9.504567
10	1WZDA	3	7	-152.992491
10	1WZDA	7	8	-160.696297
10	1WZDA	0	9	-38.112306
10	1WZDA	1	9	16.624483
10	1WZDA	3	9	156.774791
10	1WZDA	6	9	-154.756787
3	1FEWA	0	1	-167.033537
8	1Y1XA	1	2	115.809512
8	1Y1XA	0	3	86.367391
8	1Y1XA	4	5	113.146630
8	1Y1XA	2	6	37.240995
10	1HX8A	0	1	-142.551319
10	1HX8A	0	2	-37.777871
10	1HX8A	1	3	-46.713264
10	1HX8A	2	3	-154.084563
10	1HX8A	3	5	26.123290
10	1HX8A	6	7	-153.467007
8	2OX6A	1	2	108.166397
8	2OX6A	3	5	-44.397012
8	2NP3A	2	3	155.412526
8	2NP3A	1	4	-136.379476
8	2NP3A	2	5	-18.538687
8	2NP3A	3	6	-36.488994
8	2NP3A	5	6	135.051700
8	2NP3A	3	7	138.664682
8	2NP3A	6	7	164.748737
3	1UPTB	0	1	-153.334082
3	1UPTB	1	2	174.475869
4	1WVEC	0	3	-92.127788
4	1WVEC	2	3	128.518585
8	1HBNC	0	4	-36.074620
8	1HBNC	1	5	103.283302
3	2GBOA	1	2	166.367907
4	1JIAA	0	3	-30.782043
4	1JIAA	2	3	174.040283
5	1LS9A	0	4	-98.304921
5	1LS9A	3	4	133.078334
7	1YNBA	1	2	157.425668
7	1YNBA	1	5	124.768284
7	1YNBA	5	6	6.856295
5	1Y9QA	1	2	116.244548
5	1VLGA	0	1	-166.027375
5	1VLGA	0	2	-173.325487
5	1VLGA	1	2	11.899300
5	1VLGA	1	3	-171.899048
5	1VLGA	2	3	-161.740407
7	1YG2A	1	2	131.809212
7	1YG2A	0	3	-114.896246
7	1YG2A	5	6	-152.768482
3	1JHFA	0	2	-91.739868
5	2B4JC	0	1	-156.332057
5	2B4JC	0	3	32.556333
5	2B4JC	1	4	26.010088
5	2B4JC	3	4	-133.130634
6	2B4JA	0	2	-16.282366
6	2B4JA	1	2	-43.681573
6	2B4JA	3	4	116.459264
9	1OE8A	0	2	11.057661
9	1OE8A	3	5	-164.475811
9	1OE8A	3	6	17.742611
9	1OE8A	6	7	-124.664393
9	1OE8A	0	8	132.058147
9	1OE8A	7	8	-105.350040
8	2CWLA	1	2	-152.604046
8	2CWLA	1	4	-164.936374
8	2CWLA	4	5	-155.093217
8	2CWLA	5	6	-60.081757
9	1NHZA	1	2	127.837601
9	1NHZA	2	3	-85.755054
9	1NHZA	0	4	80.093643
9	1NHZA	2	4	142.105431
9	1NHZA	4	5	-161.503555
9	1NHZA	3	6	-170.086046
9	1NHZA	4	6	-47.394963
4	2BL8A	0	1	-154.539535
4	2BL8A	0	3	-161.501915
4	2BL8A	2	3	-151.202585
10	1G8IA	2	3	131.523626
10	1G8IA	1	4	121.789274
10	1G8IA	3	6	-122.352775
10	1G8IA	6	7	137.302958
10	1G8IA	5	8	122.815559
10	1G8IA	8	9	-96.112084
8	1RXQA	2	3	132.465390
8	1RXQA	2	4	119.122169
8	1RXQA	3	4	-68.746211
8	1RXQA	0	5	-169.736536
8	1RXQA	2	5	26.252661
6	1RSSA	0	1	116.215758
6	1RSSA	0	3	-49.126879
6	1RSSA	1	4	-53.294363
6	1RSSA	2	4	65.778206
6	1RSSA	3	4	124.067755
6	1VKEA	2	3	-157.998955
6	1VKEA	2	4	-36.003934
6	1VKEA	3	5	-35.656624
6	1VKEA	4	5	169.590069
10	1GXMA	0	2	-59.535500
10	1GXMA	1	3	36.810055
10	1GXMA	2	3	-149.128667
10	1GXMA	0	4	-76.983027
10	1GXMA	2	4	25.267133
10	1GXMA	4	5	-145.265107
10	1GXMA	4	6	17.127642
10	1GXMA	5	6	-129.443667
10	1GXMA	6	7	-150.263825
4	1BM9A	0	2	-58.907804
4	1BM9A	1	2	114.216404
4	1BM9A	0	3	-131.680066
7	1N4KA	0	1	-142.927761
7	1N4KA	0	3	20.352786
7	1N4KA	1	4	23.340753
7	1N4KA	3	4	-148.173059
7	1N4KA	3	5	-27.242172
7	1N4KA	4	5	-140.383514
8	2OU3A	1	3	-23.449918
8	2OU3A	2	3	165.964816
8	2OU3A	1	4	-169.364627
8	2OU3A	1	5	-57.867822
8	2OU3A	2	5	130.506701
8	2OU3A	5	6	165.151226
8	2OU3A	5	7	-51.963199
8	2IJCA	0	1	-101.834595
8	2IJCA	2	3	-152.584505
8	2IJCA	2	5	-33.492108
8	2IJCA	1	7	-150.967308
8	2IJCA	2	7	-35.855161
8	2IJCA	5	7	-45.736040
3	2OO2A	0	1	-141.750938
3	2OO2A	0	2	34.994140
3	2OO2A	1	2	-160.339554
10	1Y67A	1	3	-145.211389
10	1Y67A	5	8	143.976518
3	1O3XA	0	1	-144.176978
3	1O3XA	1	2	-148.629837
5	1S3QA	0	1	-166.738628
5	1S3QA	0	2	-171.721196
5	1S3QA	1	2	11.266666
5	1S3QA	1	3	-170.818434
5	1S3QA	2	3	-162.050922
5	1UUJA	0	1	-157.000986
5	1UUJA	0	2	-86.689456
10	1IAPA	2	3	-166.940178
10	1IAPA	2	5	-150.532928
10	1IAPA	1	6	102.454711
10	1IAPA	1	8	23.748359
10	1IAPA	1	9	167.934039
10	1IAPA	2	9	31.974548
5	1UTXA	1	2	114.748694
8	1UJKA	0	1	-154.888994
8	1UJKA	0	2	-31.215065
8	1UJKA	2	3	-149.330139
8	1UJKA	2	4	-47.017674
8	1UJKA	3	4	-127.501224
8	1UJKA	2	5	3.583026
8	1UJKA	3	6	9.100801
8	1UJKA	5	7	-20.680898
8	1UJKA	6	7	-132.601277
7	1D8UA	1	2	-123.529014
7	1D8UA	0	3	-156.546805
7	1D8UA	1	3	99.266491
7	1D8UA	1	5	135.218678
7	1D8UA	0	6	-92.172178
7	1D8UA	3	6	100.850418
7	1D8UA	5	6	150.474977
4	2C9WC	2	3	-66.303858
9	1M0UA	0	2	7.210783
9	1M0UA	3	5	-158.884116
9	1M0UA	0	6	142.611787
9	1M0UA	3	6	6.138515
9	1M0UA	5	7	65.178289
9	1M0UA	6	7	-112.906097
9	1M0UA	0	8	125.709613
8	1HQVA	2	6	57.505541
4	1GMZA	0	3	-30.534048
4	1GMZA	2	3	173.653750
7	1B79A	0	2	21.960351
7	1B79A	2	3	103.506601
7	1B79A	0	5	-84.219129
5	2VLQB	0	1	118.529457
3	1GUUA	1	2	91.325949
5	2B5AA	1	2	112.783742
5	2B5AA	0	4	114.769106
5	1R1TA	2	3	113.511715
6	2R8UA	0	1	59.611298
6	2R8UA	1	2	21.871615
6	2R8UA	0	4	57.594509
6	2R8UA	1	4	6.743462
5	1FFVA	1	2	121.912336
5	1FFVA	1	4	137.339550
5	1FFVA	3	4	108.963361
6	1SEDA	2	3	167.717836
6	1SEDA	1	4	-141.523807
6	1SEDA	3	5	-101.784080
6	1SEDA	4	5	-136.234351
6	1MGTA	2	4	-86.757926
4	1K40A	0	1	-171.330491
4	1K40A	1	2	-173.745351
4	1K40A	0	3	-169.543321
4	1K40A	2	3	-168.366631
3	1LSHB	1	2	-33.226372
10	1JS8A	4	5	-163.716946
10	1JS8A	5	6	157.687141
9	1OKTA	0	2	13.627296
9	1OKTA	4	5	-20.213937
9	1OKTA	0	6	125.442616
9	1OKTA	3	6	14.791388
9	1OKTA	5	7	79.271628
9	1OKTA	6	7	-98.857916
9	1OKTA	0	8	127.167003
6	2C2AA	3	4	-31.161970
6	2C2AA	4	5	-140.572459
4	2OBPA	0	1	119.283813
4	2OBPA	0	2	-76.755413
4	2OBPA	1	2	106.264360
4	2CKXA	0	1	131.126541
4	2CKXA	0	2	-92.068589
4	2CKXA	1	2	93.366899
4	2CKXA	0	3	25.026971
4	2CKXA	2	3	-103.479203
10	2F4MA	2	3	131.604090
10	2F4MA	3	6	143.908571
10	2F4MA	5	6	-98.238534
4	2F4MB	1	2	-126.230442
4	2F4MB	0	3	-83.729257
5	2FKZA	0	1	-159.567481
5	2FKZA	0	2	-164.176003
5	2FKZA	1	2	23.334643
5	2FKZA	1	3	-167.368757
5	2FKZA	2	3	-155.467216
5	1ALUA	0	2	-152.421896
5	1ALUA	1	2	-160.191458
5	1ALUA	1	3	-47.002106
5	1ALUA	0	4	-153.633403
5	1ALUA	1	4	-149.331156
7	1JEBA	1	2	110.580243
7	1JEBA	1	5	127.069526
7	1JEBA	0	6	-85.654608
7	1JEBA	5	6	153.383232
7	1JEBB	1	2	147.888946
7	1JEBB	1	3	116.026362
7	1JEBB	3	4	-150.549007
7	1JEBB	1	5	126.324830
7	1JEBB	0	6	-87.390529
7	1JEBB	5	6	156.389616
7	1BU3A	0	1	155.410583
7	1BU3A	3	5	122.899150
7	1BU3A	2	6	116.564944
9	1UESA	1	3	-140.939906
9	1UESA	2	3	-128.101590
9	1UESA	5	7	146.680646
3	2DYRH	0	1	-145.195877
3	2DYRH	0	2	-40.021239
5	2Q4PA	0	3	-91.012978
5	2Q4PA	2	3	-155.824871
3	2DYRB	0	1	-166.248427
4	1S8IA	0	3	-28.697483
4	1S8IA	2	3	172.071816
5	1NFNA	0	2	-158.892325
5	1NFNA	2	3	176.117186
5	1NFNA	0	4	-164.556086
5	1NFNA	3	4	-167.715197
5	2DYRD	0	1	-105.655739
5	2DYRE	0	1	-158.507183
5	2DYRE	0	2	4.198485
5	2DYRE	2	3	162.512017
5	2DYRE	2	4	-36.014776
5	2DYRE	3	4	161.100686
8	1UNLA	2	4	173.209357
8	1UNLA	4	6	-146.984573
7	1A17A	0	1	-162.840437
7	1A17A	0	2	25.680148
7	1A17A	1	2	-153.299371
7	1A17A	2	3	-163.054976
7	1A17A	2	4	25.841352
7	1A17A	3	4	-153.037578
7	1A17A	4	5	-159.302641
7	1EEXG	2	3	-175.461591
7	1EEXG	4	5	-148.511454
7	1EEXG	5	6	-173.548918
4	1EEXB	0	2	-37.710487
8	1PUOA	0	1	-151.140662
8	1PUOA	2	5	-159.505142
8	1PUOA	4	5	147.424215
8	1PUOA	0	6	140.190711
8	1PUOA	3	6	168.964799
6	2AU5A	0	2	-133.278430
6	2AU5A	0	3	-77.389300
6	2AU5A	0	4	120.826026
6	2AU5A	3	4	-129.583871
5	2HZTA	1	3	-74.371267
3	1WRDA	0	1	-147.238500
3	1WRDA	1	2	-152.903179
4	1Q08A	0	1	141.994265
6	2OU6A	1	2	-130.062985
6	2OU6A	0	3	-175.152165
6	2OU6A	1	3	20.530463
6	2OU6A	1	5	-173.876200
5	1X91A	1	2	-156.821360
5	1X91A	2	3	-173.067534
5	1X91A	0	4	-80.745531
5	1X91A	1	4	-157.217322
5	1X91A	3	4	-156.111699
9	1SK7A	2	4	-154.825295
9	1SK7A	1	8	8.499782
9	1SK7A	2	8	148.503425
9	1SK7A	5	8	-50.494100
9	1KNCA	2	3	-157.863340
9	1KNCA	2	6	-33.285816
9	1KNCA	4	6	-42.711483
9	1KNCA	4	7	129.360153
9	1KNCA	6	7	-151.928252
9	1KNCA	1	8	-137.959515
9	1KNCA	2	8	-41.257066
9	1KNCA	6	8	-49.790080
5	1A8OA	1	2	-34.004966
9	1W7JB	6	7	142.971687
6	1HUSA	0	1	120.198704
6	1HUSA	0	3	-48.511566
6	1HUSA	1	4	-49.797280
6	1HUSA	2	4	62.158713
4	1YXLA	0	2	-32.135724
4	1YXLA	1	2	177.545626
10	2O02A	0	1	-160.391422
10	2O02A	2	3	-161.071951
10	2O02A	3	5	-158.909049
10	2O02A	5	6	-155.891745
10	2O02A	5	7	21.297214
10	2O02A	6	7	-148.318749
10	2O02A	7	8	-165.028058
10	2O02A	7	9	16.145193
10	2O02A	8	9	-149.150807
6	2FMLA	0	1	-137.433666
6	2FMLA	4	5	98.288607
4	1R5QA	0	1	-155.811495
4	1R5QA	0	2	-54.235694
4	1R5QA	1	3	-55.766477
8	2P6BB	0	3	120.875171
8	2P6BB	5	6	133.930866
8	2P6BB	4	7	111.161253
6	2ZA8A	0	1	-162.835017
6	2ZA8A	0	2	-171.393235
6	2ZA8A	1	2	13.297687
4	1VIPA	0	3	-31.524200
4	1VIPA	2	3	176.110549
3	1ZOQA	1	2	-17.138676
5	1L8SA	0	3	-38.438309
5	1L8SA	2	3	177.281875
10	1RTWA	3	4	-158.345358
10	1RTWA	3	5	-10.269516
10	1RTWA	0	6	-65.585773
10	1RTWA	3	6	-149.215792
10	1RTWA	4	7	-168.681795
10	1RTWA	6	7	-126.716708
10	1RTWA	0	8	102.579667
10	1RTWA	6	8	-147.954619
10	1RTWA	0	9	-51.015884
10	1RTWA	5	9	-163.339833
10	1RTWA	6	9	-38.714267
7	2E9XD	0	1	-123.431286
7	2E9XD	0	2	34.160887
7	2E9XD	1	2	-148.497644
5	2E9XA	0	2	22.180744
10	1HG4A	1	2	122.367248
10	1HG4A	3	4	143.017938
10	1HG4A	4	5	-8.718970
10	1HG4A	0	6	84.709941
10	1HG4A	2	6	146.785490
10	1HG4A	6	7	-163.495253
10	1HG4A	2	8	100.969085
10	1HG4A	4	8	-161.418012
10	1HG4A	1	9	-48.958407
10	1HG4A	2	9	102.659743
6	2E9XB	0	3	-84.854843
6	2E9XB	1	3	8.642515
6	2E9XB	2	4	15.623927
4	2A6HE	1	2	118.169568
4	2F3NA	0	1	161.360721
4	2Z3QA	0	2	-162.178895
4	2Z3QA	1	2	-160.537418
4	2Z3QA	0	3	-165.219990
4	2Z3QA	1	3	-137.520829
5	1G33A	0	4	113.881001
5	1RR7A	2	4	-92.492489
9	2I10A	0	1	129.680639
9	2I10A	0	3	-97.628134
9	2I10A	5	7	-19.481917
9	2I10A	6	7	126.987292
9	2I10A	5	8	160.919665
9	2I10A	7	8	176.523852
4	1ETEA	0	2	-157.136617
4	1ETEA	1	2	-154.130159
4	1ETEA	0	3	-174.384426
4	1ETEA	1	3	-134.365574
6	1T3QA	3	4	119.705999
6	1F1MA	1	2	-156.998928
6	1F1MA	0	5	-155.927352
6	1F1MA	2	5	-158.026070
9	1ELKA	0	1	-158.572755
9	1ELKA	0	2	-30.555880
9	1ELKA	1	3	-49.102452
9	1ELKA	2	4	-45.234700
9	1ELKA	2	5	22.730522
9	1ELKA	5	6	-13.033154
9	1ELKA	3	7	15.872407
9	1ELKA	7	8	-121.471688
8	1E6BA	0	2	-9.700385
8	1E6BA	3	4	175.860101
8	1E6BA	0	5	136.911845
8	1E6BA	3	5	31.072667
8	1E6BA	4	5	-146.222045
8	1E6BA	4	6	87.385345
8	1E6BA	5	6	-100.217712
8	1E6BA	0	7	143.174480
10	2A2MA	3	5	-11.210990
10	2A2MA	0	6	-63.798662
10	2A2MA	3	6	-152.271617
10	2A2MA	6	7	-136.963486
10	2A2MA	6	8	-148.815068
10	2A2MA	0	9	-49.427060
10	2A2MA	1	9	8.873560
10	2A2MA	5	9	-159.120663
10	2A2MA	6	9	-45.685544
5	1K9UA	3	4	-105.096200
8	1Q3BA	4	7	123.304898
8	1Q3BA	6	7	138.438334
4	2BJ7A	0	1	94.881756
5	1EI7A	2	3	-156.261322
6	1XGSA	0	1	148.457425
6	1XGSA	2	3	154.518127
6	1XGSA	4	5	-76.713414
10	2PQ7A	2	3	163.741490
10	2PQ7A	3	6	-44.723813
10	2PQ7A	5	6	169.235267
10	2PQ7A	2	7	129.630123
5	1S35A	3	4	-156.224656
3	2CCLB	0	2	-169.580864
7	1EYXA	2	3	147.406261
7	1EYXA	1	6	-72.359431
7	1EYXA	5	6	-170.785826
9	1EYXB	3	4	128.032431
9	1EYXB	3	7	138.698302
9	1EYXB	2	8	-51.884983
9	1EYXB	7	8	173.291752
7	1OR4A	1	3	164.583950
7	1OR4A	1	5	113.552287
7	1OR4A	5	6	160.935720
4	1ORJA	0	1	-152.016731
4	1ORJA	0	3	-157.019787
4	1ORJA	2	3	-149.544364
6	3BESL	0	3	-133.463216
6	3BESL	2	4	-68.666713
9	2GAUA	1	3	-172.246885
9	2GAUA	5	7	-79.533162
9	2GAUA	6	7	95.437716
9	2GAUA	5	8	-126.977013
3	1AILA	0	1	-143.796450
3	1AILA	0	2	-90.272363
9	1F2EA	0	2	-3.611189
9	1F2EA	2	3	142.467460
9	1F2EA	4	5	-148.419211
9	1F2EA	3	6	14.802876
9	1F2EA	6	7	-110.590137
9	1F2EA	0	8	127.391812
8	1BGFA	5	6	-158.443857
8	1BGFA	0	7	47.037350
8	1BGFA	4	7	-134.713258
3	3BESR	1	2	167.406744
8	1HJPA	1	4	127.985405
8	1HJPA	3	4	-99.619583
8	1HJPA	5	6	135.404330
8	1HJPA	5	7	-50.730081
3	1G2XA	0	2	-35.856432
3	1G2XA	1	2	-173.524484
4	2QZGA	0	1	-164.406298
4	2QZGA	1	2	171.660105
4	2QZGA	0	3	-166.553628
5	1Z7UA	1	4	-110.541127
5	1QN2A	0	4	-97.852658
5	1QN2A	2	4	125.874316
10	2QGSA	0	2	-9.455774
10	2QGSA	1	2	160.218840
10	2QGSA	0	3	155.401479
10	2QGSA	2	4	-39.338405
10	2QGSA	1	5	131.139017
10	2QGSA	2	5	-38.224948
10	2QGSA	6	8	133.632600
10	2QGSA	6	9	-53.302343
5	1CNOA	2	3	-89.211788
5	1CNOA	0	4	-95.932999
5	1CNOA	2	4	143.012000
8	1UHKA	1	2	150.124725
8	1UHKA	2	4	-161.717983
8	1UHKA	5	6	129.099788
8	1UHKA	4	7	140.207298
6	1U7KA	0	2	-43.154645
6	1U7KA	1	2	159.543799
6	1U7KA	1	5	-169.558857
6	1U7KA	3	5	116.902648
9	2G3BA	0	1	121.222405
9	2G3BA	1	2	103.873874
9	2G3BA	0	3	-89.030035
9	2G3BA	0	5	75.312329
9	2G3BA	3	5	-136.516630
9	2G3BA	5	7	-106.106189
9	2G3BA	4	8	151.058281
9	2G3BA	7	8	166.328210
5	1YUZA	0	1	-158.195992
5	1YUZA	0	2	-164.290300
5	1YUZA	0	4	22.063190
5	1YUZA	1	4	-171.704028
5	1YUZA	2	4	-152.248045
6	2Q4FA	2	3	-161.510656
6	2Q4FA	3	4	-160.011099
6	2Q4FA	2	5	-157.070765
10	1A04A	1	2	-22.178693
10	1A04A	3	5	-52.027077
10	1A04A	6	7	137.844790
10	1A04A	6	8	-90.034263
10	1A04A	6	9	-96.338874
9	3BLHA	2	4	166.693197
9	3BLHA	4	6	31.258780
9	3BLHA	4	7	-144.530558
9	3BLHA	6	7	153.695759
9	3BLHA	2	8	-153.089733
7	3BJ1A	1	2	113.611283
7	3BJ1A	1	5	125.960410
7	3BJ1A	0	6	-95.670347
7	3BJ1A	5	6	151.663686
8	3BJ1B	1	2	156.371459
8	3BJ1B	1	3	117.357271
8	3BJ1B	1	6	125.438049
8	3BJ1B	0	7	-89.209742
8	3BJ1B	6	7	153.597254
5	2PIHA	2	3	-162.363247
10	2VANA	0	1	123.584391
10	2VANA	4	6	119.028943
7	1EXRA	3	6	106.183724
7	1B0NA	0	2	-116.175574
7	1B0NA	1	2	122.356947
7	1B0NA	1	3	106.409706
7	2D4CA	2	3	-163.925077
7	2D4CA	1	4	-146.012027
7	2D4CA	0	5	-150.317529
3	1A7WA	1	2	115.795508
10	1IXCA	0	1	128.956855
10	1IXCA	0	2	-110.539980
10	1IXCA	0	3	-126.534601
6	1M48A	0	4	-153.014599
6	1M48A	3	4	158.069409
6	1M48A	0	5	-158.121313
7	1QKRA	0	1	-108.882262
7	1QKRA	1	2	-161.053880
7	1QKRA	2	3	-155.476834
7	1QKRA	1	6	6.087920
7	1QKRA	2	6	-165.864432
7	1QKRA	3	6	28.819655
7	1QKRA	5	6	-150.327583
9	1UPVA	1	2	118.489652
9	1UPVA	0	5	89.365685
9	1UPVA	2	5	145.124542
9	1UPVA	5	6	-159.791293
9	1UPVA	2	7	100.460918
9	1UPVA	4	7	-159.583759
9	1UPVA	2	8	-111.879315
5	2P6VA	0	3	-99.233297
5	2P6VA	1	4	135.039991
9	2G7SA	0	1	120.403524
9	2G7SA	1	2	105.286998
9	2G7SA	0	3	-84.562995
9	2G7SA	3	6	11.315515
9	2G7SA	5	6	-121.699074
9	2G7SA	4	7	-18.384815
9	2G7SA	6	7	121.988424
9	2G7SA	4	8	171.126093
9	2G7SA	7	8	157.834523
6	1DWKA	1	2	97.438472
6	1DWKA	3	4	141.785320
10	1O9DA	0	1	-159.127073
10	1O9DA	2	3	-162.255128
10	1O9DA	5	6	-155.517347
10	1O9DA	5	7	21.109201
10	1O9DA	6	7	-148.915134
10	1O9DA	7	8	-161.687177
10	1O9DA	7	9	17.209132
10	1O9DA	8	9	-144.994260
4	1A7DA	0	1	-160.273929
4	1A7DA	1	2	-166.403854
4	1A7DA	0	3	-165.550107
5	2PEQA	1	2	131.182412
5	2PEQA	0	3	128.126791
5	2PEQA	2	3	-147.959023
10	2FQ4A	0	1	122.611987
10	2FQ4A	1	2	107.752720
10	2FQ4A	0	3	-97.321354
10	2FQ4A	3	6	-38.878989
10	2FQ4A	4	7	166.295431
10	2FQ4A	4	8	-34.522357
10	2FQ4A	7	8	133.006232
10	2FQ4A	4	9	142.053695
8	2FHEA	3	4	-154.563543
8	2FHEA	0	5	130.757264
8	2FHEA	3	5	20.058610
8	2FHEA	4	5	-136.725044
8	2FHEA	5	6	-113.026713
8	2FHEA	0	7	120.225875
7	1ON2A	0	1	117.521364
7	1ON2A	0	2	-96.934897
7	1ON2A	0	3	-92.287011
7	1ON2A	3	5	49.473115
6	2CEIA	0	1	-163.002153
6	2CEIA	0	2	-170.734481
6	2CEIA	1	2	13.602736
6	2CEIA	2	4	-157.808034
5	1Q0GA	0	1	-160.181823
5	1Q0GA	1	3	-167.743998
5	1Q0GA	3	4	-152.345780
10	1KU1A	0	1	-154.979534
10	1KU1A	2	4	-53.553172
10	1KU1A	5	7	-70.234724
10	1KU1A	6	7	121.394406
10	1KU1A	5	9	-34.019590
10	1KU1A	7	9	-36.508618
10	1KU1A	8	9	125.166532
10	1DK8A	2	3	-131.707520
10	1DK8A	3	4	-161.166494
10	1DK8A	4	6	-147.962962
10	1DK8A	3	7	-142.671614
10	1DK8A	2	8	102.199062
6	1B5LA	0	3	-160.827775
6	1B5LA	2	3	-152.947624
6	1B5LA	2	4	-18.390418
6	1B5LA	0	5	-159.238891
6	1B5LA	2	5	-152.987764
6	1B5LA	4	5	-163.141485
8	1SU3A	1	2	77.275137
8	1SU3A	3	4	-44.095780
8	1WDCB	0	3	127.862965
8	1WDCB	4	7	145.784310
8	1WDCC	0	1	133.056376
8	1WDCC	1	3	-61.361222
8	1WDCC	5	6	131.555371
8	1WDCC	4	7	146.841015
3	2HUEC	1	2	119.351782
3	2HUEB	1	2	111.759724
8	1KGSA	1	2	-23.255843
8	1KGSA	0	4	-60.501407
8	1KGSA	5	7	-77.076653
3	1KU3A	0	1	133.346175
3	1KU3A	0	2	-101.497228
3	1KU3A	1	2	105.306530
10	1A26A	2	3	-161.974251
10	1A26A	4	8	73.735307
8	1TDHA	3	6	122.563257
4	2IM8A	0	1	-142.750965
4	2IM8A	0	2	38.547161
4	2IM8A	1	2	161.933325
4	2IM8A	0	3	-162.226459
4	2IM8A	2	3	-130.973899
5	1CTJA	0	4	-95.582864
5	1CTJA	3	4	128.643352
5	1O3UA	0	1	-167.937059
5	1O3UA	1	2	26.178203
5	1O3UA	2	3	-150.836003
5	1O3UA	0	4	-161.746591
5	1O3UA	1	4	11.177236
5	1O3UA	3	4	-132.398010
9	1TMQA	0	1	7.177248
9	1TMQA	5	7	128.887754
9	1TMQA	7	8	-13.391902
4	1TMQB	0	1	-132.872510
4	1TMQB	0	3	106.811624
3	2GSVA	0	1	129.328939
3	2GSVA	0	2	-52.143117
3	2GSVA	1	2	176.779839
4	1XMAA	0	1	101.897718
4	1XMAA	0	2	-73.084146
4	1XMAA	0	3	-127.151780
10	1W2YA	0	2	-82.511281
10	1W2YA	1	2	-168.786895
10	1W2YA	0	3	123.955487
10	1W2YA	1	5	-161.741333
10	1W2YA	2	6	-161.711148
10	1W2YA	5	6	-157.876990
10	1W2YA	0	7	14.882406
10	1W2YA	2	7	-79.277304
10	1W2YA	7	8	129.845194
10	1W2YA	7	9	-50.497374
10	1W2YA	8	9	132.813580
8	1FW1A	0	2	-8.157593
8	1FW1A	0	6	142.350686
8	1FW1A	6	7	-106.353881
5	1JR8A	1	2	-144.221984
5	1JR8A	2	3	127.619338
9	2PAQA	1	2	159.711445
9	2PAQA	2	5	-80.544795
9	2PAQA	1	6	121.290760
9	2PAQA	6	7	-151.602083
9	2PAQA	1	8	110.824429
7	1S69A	1	2	133.104529
7	1S69A	1	4	127.079329
7	1S69A	4	5	161.026655
7	2QFKA	0	3	-157.735324
7	2QFKA	1	3	100.496658
7	2QFKA	1	5	114.883669
7	2QFKA	5	6	172.389150
8	2P8TA	0	3	-103.160837
8	2P8TA	0	6	108.852919
8	2P8TA	4	6	136.077368
4	2P06A	0	3	-92.714266
4	2P06A	2	3	-160.145100
7	3CTDA	0	1	-158.695789
7	3CTDA	0	2	-34.050619
7	3CTDA	2	3	169.750528
7	3CTDA	1	4	149.449859
7	3CTDA	2	4	22.096396
7	3CTDA	3	4	-166.906985
4	1N69A	1	2	157.092707
4	1N69A	0	3	118.916918
7	1FC3A	0	1	129.353318
7	1FC3A	1	2	125.751133
7	1FC3A	1	3	-100.053260
7	1FC3A	2	3	100.642892
7	1FC3A	0	6	123.346475
7	1FC3A	1	6	-51.594657
4	1RFYA	1	3	-154.901105
5	2F22A	0	2	179.078118
5	2F22A	1	2	24.524417
5	2F22A	0	3	22.695508
5	2F22A	1	3	-177.443165
5	2F22A	0	4	-125.951877
7	1P5SA	2	3	35.470858
7	1P5SA	3	4	135.906745
7	1P5SA	0	5	46.545169
7	1P5SA	0	6	107.947966
5	1U5PA	0	1	-156.484517
5	1U5PA	3	4	-163.211818
5	2FMME	0	1	-176.807832
5	2FMME	0	2	-46.645419
10	1FFVC	2	3	-59.278573
10	1FFVC	3	4	-113.714724
10	1FFVC	8	9	141.088122
10	1CS0B	6	7	-48.559615
10	1CS0B	7	8	-62.911184
10	2FNOA	0	2	6.934189
10	2FNOA	2	3	143.357260
10	2FNOA	0	5	123.962366
10	2FNOA	3	5	17.171539
10	2FNOA	4	6	-35.978046
10	2FNOA	5	6	-131.056656
10	2FNOA	5	7	-98.253801
10	2FNOA	0	8	137.667895
7	1V4XA	1	2	117.492027
7	1V4XA	1	5	126.098194
7	1V4XA	0	6	-98.259106
7	1V4XA	5	6	153.606077
9	1V4XB	1	3	111.992259
9	1V4XB	1	7	127.077955
9	1V4XB	0	8	-86.476071
9	1V4XB	7	8	157.978531
10	2OYOA	3	4	-146.370311
10	2OYOA	3	6	-40.148464
10	2OYOA	2	8	-141.310487
10	2OYOA	3	8	-39.301961
10	2OYOA	6	8	-49.078480
5	1BKRA	1	2	36.163310
5	1BKRA	0	4	64.221776
5	1BKRA	1	4	-5.709336
5	1BKRA	2	4	39.372215
7	1IWPG	2	3	-169.966760
7	1IWPG	4	5	-146.201464
7	1IWPG	5	6	-171.248337
4	1IWPB	0	2	-37.942487
5	1WLZA	1	2	155.378573
5	1WLZA	2	3	116.074667
5	1WLZA	0	4	-98.335721
5	1WLZA	1	4	169.921658
10	3B9JB	2	3	-134.598912
10	3B9JB	7	8	156.781689
10	3B9JB	8	9	153.230081
5	3B9JA	1	2	134.281982
6	1AU1A	0	3	-165.389298
6	1AU1A	2	3	-150.866525
6	1AU1A	2	4	-12.545943
6	1AU1A	0	5	-154.527611
8	1EYHA	0	2	-31.749139
8	1EYHA	1	3	-53.466634
8	1EYHA	2	3	-144.431789
8	1EYHA	2	4	-40.624458
8	1EYHA	3	6	18.957438
8	1EYHA	5	6	-151.191527
4	1I77A	2	3	-175.138678
8	1DUGA	3	4	-156.452459
8	1DUGA	0	5	126.475950
8	1DUGA	3	5	23.036125
8	1DUGA	5	6	-112.323325
8	1DUGA	0	7	122.068583
8	1DUGA	6	7	-78.975906
8	1NGNA	1	2	140.545839
8	1NGNA	1	5	156.586202
8	1NGNA	3	5	-125.720867
8	1NGNA	4	5	123.952108
8	1NGNA	1	6	144.887475
8	1NGNA	6	7	21.118372
3	1LE6A	0	2	-31.418787
3	1LE6A	1	2	174.949288
5	1B7VA	0	4	-99.845316
5	1B7VA	3	4	135.468537
6	1IQVA	0	1	118.631688
6	1IQVA	1	4	-51.722105
6	1IQVA	2	4	60.745329
6	1IQVA	3	4	130.551296
6	1IQVA	3	5	132.235148
4	1FW4A	1	2	115.601194
4	1FW4A	0	3	124.254611
10	1P4XA	1	3	-72.992802
10	1P4XA	1	4	-122.823876
10	1P4XA	0	5	-119.255481
10	1P4XA	7	8	123.218640
9	1AH7A	0	1	-153.421243
9	1AH7A	2	4	-41.934962
9	1AH7A	3	4	-157.534138
9	1AH7A	0	8	-51.428432
9	1AH7A	5	8	-73.558267
9	1AH7A	6	8	160.994284
6	2HH6A	1	2	158.791475
6	2HH6A	1	4	-63.571159
9	2PV4A	0	4	-48.058232
9	2PV4A	1	4	135.734261
9	2PV4A	1	6	-67.255225
4	1U84A	0	1	129.152295
4	1U84A	1	2	156.180576
4	1U84A	0	3	160.306636
4	1U84A	2	3	125.082382
10	1F7CA	0	2	-154.715947
10	1F7CA	1	2	-63.216740
10	1F7CA	3	4	169.040760
10	1F7CA	0	5	7.484576
10	1F7CA	2	7	-39.094797
10	1F7CA	5	7	153.731795
10	1F7CA	3	8	89.642231
10	1F7CA	7	8	119.531328
10	1F7CA	5	9	-158.923263
4	2OUFA	0	3	26.782056
6	1BHDA	0	1	69.645818
6	1BHDA	1	3	33.878565
6	1BHDA	3	4	133.935813
6	1BHDA	0	5	62.652802
10	1VZ0A	0	1	-61.177232
10	1VZ0A	3	5	-106.902922
10	1VZ0A	4	5	108.777499
6	1JHGA	2	4	-63.458406
6	1JHGA	3	4	123.421975
4	2HUJA	0	1	-142.463654
4	2HUJA	1	2	168.750841
4	2HUJA	0	3	-156.528381
4	2HUJA	2	3	-130.776270
8	2ITBA	2	3	-158.315687
8	2ITBA	4	5	141.908258
8	2ITBA	3	6	-169.848563
8	2ITBA	5	6	-159.010558
8	2ITBA	5	7	-43.686230
4	1YNRA	0	3	-121.433579
4	1YNRA	1	3	-85.016550
4	1YNRA	2	3	122.071825
5	1LKPA	0	1	-160.330172
5	1LKPA	0	2	-161.829357
5	1LKPA	1	4	-166.174277
5	1LKPA	2	4	-152.263086
10	2GFNA	0	1	109.527294
10	2GFNA	0	2	-103.226261
10	2GFNA	1	2	122.506908
10	2GFNA	0	5	91.189311
10	2GFNA	3	5	-127.692339
10	2GFNA	3	6	12.249706
10	2GFNA	4	6	-158.377103
10	2GFNA	6	7	128.199114
10	2GFNA	4	9	117.815408
10	2GFNA	7	9	143.846384
4	1MH8A	0	2	-32.695612
4	1MH8A	1	2	177.488193
10	2VKVA	0	1	112.884469
10	2VKVA	1	2	106.145607
10	2VKVA	0	3	-89.493210
10	2VKVA	4	7	-33.932263
10	2VKVA	4	9	146.761474
10	2VKVA	7	9	168.712700
4	1I4YA	0	1	-158.483639
4	1I4YA	1	2	-169.089575
4	1I4YA	0	3	-166.394149
4	1I4YA	2	3	-166.706854
8	2C4JA	0	2	11.926043
8	2C4JA	2	3	145.670923
8	2C4JA	3	4	-166.309408
8	2C4JA	0	5	129.783040
8	2C4JA	3	5	29.760079
8	2C4JA	4	5	-138.500861
8	2C4JA	5	6	-112.275193
8	2C4JA	0	7	118.045329
8	2IU5A	0	1	107.672360
8	2IU5A	0	2	-103.241654
8	2IU5A	2	3	148.167483
8	2IU5A	2	4	-126.245857
8	2IU5A	2	5	-19.307501
8	2IU5A	3	5	157.594401
8	2IU5A	5	6	133.516916
9	1EEMA	0	1	-9.228732
9	1EEMA	3	4	-157.751191
9	1EEMA	0	5	131.198227
9	1EEMA	2	5	21.250986
9	1EEMA	5	6	-91.027059
9	1EEMA	0	7	131.655760
4	1P7OA	0	3	-39.300389
4	1P7OA	2	3	173.882617
4	2OIEA	0	2	-83.967881
4	2OIEA	1	2	-161.508277
8	1OXJA	4	6	33.424217
8	1OXJA	5	6	-144.676529
8	1OXJA	6	7	-156.276944
7	2OVRA	1	2	163.786844
7	2OVRA	3	4	-146.073683
6	2OVRB	4	5	42.723951
7	1O57A	0	1	137.432851
7	1O57A	0	2	-59.472029
7	1O57A	1	2	112.171534
7	1O57A	3	4	-138.388323
7	1O57A	4	5	-51.891840
9	2ID3A	0	1	120.164408
9	2ID3A	0	2	-82.431623
9	2ID3A	1	2	122.964805
9	2ID3A	0	3	-104.138031
9	2ID3A	0	5	94.696666
9	2ID3A	3	6	-15.096314
9	2ID3A	4	6	155.356196
9	2ID3A	4	7	-34.856210
9	2ID3A	6	7	129.607315
9	2ID3A	4	8	144.969634
9	2ID3A	7	8	147.976049
6	1J5YA	0	1	131.689597
6	1J5YA	0	2	-80.593730
6	1J5YA	3	4	167.743489
3	2FCWA	1	2	-158.453684
10	1XL3A	0	4	30.683124
10	1XL3A	4	5	96.969942
10	1XL3A	5	7	-46.110504
10	1XL3A	7	8	-154.548971
4	1XL3C	1	2	109.428895
4	1XL3C	1	3	-69.477877
4	1XL3C	2	3	-167.740843
6	1EFUA	0	4	36.781347
6	1EFUA	0	5	-90.432551
9	1L9BL	1	2	-165.719374
9	1L9BL	2	7	14.838141
9	1L9BL	5	7	-156.540369
3	1L9BH	1	2	157.336560
5	1MN8A	0	2	170.347628
5	1MN8A	1	4	104.166158
5	1MN8A	2	4	-81.729860
5	1MN8A	3	4	-158.221294
7	1IZMA	1	2	141.536618
7	1IZMA	1	3	-46.428223
7	1IZMA	2	3	117.778723
7	1IZMA	1	4	-36.480633
7	1IZMA	4	5	-132.801258
7	1IZMA	4	6	16.108095
7	1IZMA	5	6	-138.645114
5	1L9BC	2	3	128.970675
5	1L9BC	0	4	-99.983398
5	1L9BC	2	4	131.014108
9	1ZARA	1	2	123.357431
9	1ZARA	2	3	107.395368
9	1ZARA	0	4	-74.068572
9	1ZARA	1	4	-108.676400
9	1ZARA	6	7	172.086261
9	1ZARA	7	8	135.564017
5	2LISA	0	1	138.900064
5	2LISA	0	2	-25.717715
5	2LISA	1	2	132.606049
5	2LISA	1	4	54.749239
9	1L8WA	1	2	-163.815839
9	1L8WA	2	3	-165.684527
9	1L8WA	3	5	-113.195870
9	1L8WA	4	7	-107.735068
9	1L8WA	5	7	-77.912116
9	1L8WA	6	7	-44.396667
9	2GMYA	2	3	-152.656271
9	2GMYA	3	4	158.123501
9	2GMYA	2	5	-38.734710
9	2GMYA	5	7	-144.519655
9	2GMYA	1	8	-148.625609
9	2GMYA	2	8	-37.823647
9	2GMYA	5	8	-50.053817
5	3CR3C	1	2	-56.703312
5	3CR3C	3	4	153.098068
9	3CR3A	0	2	-146.832979
9	3CR3A	0	3	-25.074661
9	3CR3A	2	3	136.954053
9	3CR3A	3	4	-166.067042
9	3CR3A	4	5	138.006122
9	3CR3A	5	6	-152.634802
9	3CR3A	6	7	148.863864
9	3CR3A	0	8	140.568741
9	3CR3A	1	8	144.336499
9	3CR3A	6	8	-29.176392
9	3CR3A	7	8	177.836571
7	1N1FA	0	3	-143.744111
7	1N1FA	1	3	-141.312897
7	1N1FA	0	5	-131.857343
7	1N1FA	2	5	-125.371215
7	1N1FA	0	6	-155.471749
9	2BGCA	4	5	104.013653
9	2BGCA	3	6	-124.419340
9	2BGCA	2	7	159.740170
9	2BGCA	3	7	-22.598170
5	2CYYA	0	2	-84.267841
9	1H6PA	0	1	-159.526300
9	1H6PA	0	2	40.338877
9	1H6PA	1	2	-136.569269
9	1H6PA	2	3	-159.100175
9	1H6PA	3	4	174.740782
9	1H6PA	4	5	-161.442200
9	1H6PA	3	7	18.538653
9	1H6PA	4	7	-157.227997
6	1OOHA	2	5	77.156004
6	1OOHA	4	5	121.442806
9	1GV3A	1	3	-142.583397
10	2FBQA	0	1	125.564321
10	2FBQA	0	2	-93.054802
10	2FBQA	3	4	123.762197
10	2FBQA	0	5	62.442444
10	2FBQA	3	6	19.143930
10	2FBQA	4	9	150.548940
10	2FBQA	7	9	164.372200
5	1BK9A	0	3	-35.937745
5	1BK9A	2	3	175.388330
6	1XD7A	0	3	114.208826
3	2CJJA	1	2	106.739611
4	1MC2A	0	3	-30.133057
4	1MC2A	2	3	174.590988
6	1WTYA	0	1	-155.502850
6	1WTYA	1	2	61.599271
6	1WTYA	1	3	-121.902692
6	1WTYA	0	5	-151.696787
6	1WTYA	1	5	31.985122
6	1WTYA	3	5	-117.572365
9	1Y9IA	1	2	117.628077
9	1Y9IA	0	3	47.742189
9	1Y9IA	1	6	110.888480
9	1Y9IA	1	8	-58.737419
9	1Y9IA	2	8	115.318677
9	1Y9IA	5	8	-22.155288
8	1H4RA	3	5	-67.878766
8	1H4RA	2	6	50.296518
8	1H4RA	3	6	-162.166885
8	1Y88A	5	7	-133.347832
8	1Y88A	6	7	133.095238
7	2OBHA	3	6	114.974913
8	2BH7A	5	6	60.071873
8	2BH7A	4	7	124.615103
8	2BH7A	5	7	27.997261
8	2BH7A	6	7	67.502529
7	1Y14A	0	1	42.926952
7	1Y14A	1	2	157.554285
7	1Y14A	3	6	174.615316
7	1Y14A	5	6	97.904832
9	2EJNA	0	1	-148.938693
9	2EJNA	1	2	148.599311
9	2EJNA	0	3	168.692093
9	2EJNA	5	6	-146.051376
9	2EJNA	2	7	137.452494
9	2EJNA	3	7	-105.304307
9	2EJNA	5	7	-50.320022
9	2EJNA	0	8	144.547428
9	2EJNA	5	8	161.093462
10	1KHOA	0	2	128.511692
10	1KHOA	2	4	-37.239957
10	1KHOA	3	4	-162.164748
10	1KHOA	5	8	-106.196761
10	1KHOA	0	9	-58.735703
10	1KHOA	4	9	146.816511
10	1KHOA	8	9	-173.558239
3	1TAFA	1	2	115.422931
6	2GC7D	1	4	-90.254183
6	2GC7D	3	4	124.594857
7	2FBIA	2	4	-73.217243
7	2FBIA	3	4	109.247526
7	2FBIA	1	5	153.709563
4	2ESHA	0	1	119.319084
4	2ESHA	1	2	115.351822
4	2ESHA	0	3	-126.385195
9	2HYJA	0	1	109.755030
9	2HYJA	0	3	-88.036930
9	2HYJA	3	5	-139.120190
9	2HYJA	4	7	-17.057480
9	2HYJA	6	7	127.486200
9	2HYJA	4	8	159.286231
9	2HYJA	7	8	175.325112
7	1JL7A	1	3	121.892480
7	1JL7A	0	5	63.366213
7	1JL7A	1	5	132.037195
7	1JL7A	4	6	-54.525247
7	1JL7A	5	6	145.697114
6	1LNWA	2	3	114.232644
5	2F6MB	1	2	-159.619116
5	1G8QA	0	1	-127.071977
5	1G8QA	0	4	146.696179
7	1DLYA	1	2	134.987788
7	1DLYA	1	4	129.073129
7	1DLYA	4	5	155.713243
7	1DLYA	3	6	-32.283407
6	1B8LA	0	1	153.829451
6	1B8LA	2	5	124.337049
5	2CWYA	0	1	-150.765988
5	2CWYA	1	2	-156.561723
5	2CWYA	2	3	-166.152295
5	2CWYA	2	4	22.104978
9	1AD6A	1	3	56.608486
9	1AD6A	2	3	143.802729
9	1AD6A	2	5	-36.290148
9	1AD6A	3	5	127.237322
9	1AD6A	2	6	120.304943
9	1AD6A	5	6	141.839274
9	1AD6A	5	7	-67.624540
9	1AD6A	5	8	123.830756
9	1AD6A	7	8	-155.391185
4	1Z3EA	1	3	114.219608
10	1PBWA	1	3	-151.406768
10	1PBWA	4	5	153.855157
10	1PBWA	1	6	1.412707
10	1PBWA	5	9	-82.994019
10	1PBWA	8	9	125.313071
4	1RP3B	0	1	-163.682791
7	1DM1A	1	3	103.993184
7	1DM1A	1	5	127.520008
7	1DM1A	4	6	-57.890289
7	1DM1A	5	6	163.785317
7	1SUMB	0	1	-164.600178
7	1SUMB	0	2	15.533923
7	1SUMB	1	2	-162.420171
7	1SUMB	0	3	-174.026482
7	1SUMB	2	6	-172.759971
7	1SUMB	3	6	15.470422
9	1TW9A	0	2	9.521839
9	1TW9A	2	3	153.443864
9	1TW9A	3	5	-164.299296
9	1TW9A	0	6	120.366316
9	1TW9A	3	6	26.707168
9	1TW9A	5	7	78.411893
9	1TW9A	6	7	-108.306099
9	1TW9A	0	8	125.596052
4	1U9PA	0	1	91.390585
4	1U9PA	1	3	78.763493
4	1U9PA	2	3	101.731953
6	1MIXA	2	3	-53.601882
6	1MIXA	0	4	138.622341
6	1MIXA	1	4	50.153635
6	1MIXA	2	4	-161.901886
3	2GOMA	0	1	-152.816778
3	2GOMA	0	2	21.647980
3	2GOMA	1	2	-160.455139
8	1ALVA	3	4	136.887384
8	1ALVA	2	6	21.623393
8	1ALVA	3	6	125.801251
5	2IAZA	2	3	-155.508125
8	1R4VA	1	4	-73.694016
8	1R4VA	1	6	122.184833
8	1R4VA	3	6	106.690805
8	1R4VA	4	6	92.698158
8	1R4VA	1	7	-7.998402
8	1R4VA	6	7	119.338250
7	1OW4A	0	1	146.928449
7	1OW4A	0	2	100.344432
7	1OW4A	1	2	-53.133719
7	1OW4A	2	6	86.894186
7	1OW4A	5	6	141.869429
10	1SGMA	0	1	125.358530
10	1SGMA	0	3	-80.144350
10	1SGMA	3	6	-9.863271
10	1SGMA	5	6	-135.662396
10	1SGMA	6	7	121.725084
10	1SGMA	4	8	-173.618689
10	1SGMA	7	8	154.844866
6	3DLQI	0	2	-119.370838
6	3DLQI	1	3	-29.643451
6	3DLQI	0	4	-146.491894
6	3DLQI	1	5	-146.482027
8	2F6SA	0	1	118.756543
8	2F6SA	2	3	-167.273760
8	2F6SA	1	4	126.093083
8	2F6SA	3	4	161.251425
8	2F6SA	3	6	123.245312
8	2F6SA	5	6	-142.042207
8	2F6SA	0	7	156.736757
8	1GJYA	0	1	136.535208
8	1GJYA	1	2	110.323052
8	1GJYA	1	3	-46.418298
8	1GJYA	2	3	121.954100
8	1GJYA	4	5	129.084986
8	1GJYA	2	6	18.074334
8	1GJYA	3	6	124.664924
4	2QYPA	1	2	145.311647
4	2QYPA	0	3	124.868417
9	1OTKA	0	1	-158.171620
9	1OTKA	0	3	-148.585533
9	1OTKA	1	3	44.491847
9	1OTKA	3	4	-141.277011
9	1OTKA	3	7	140.812652
9	1OTKA	4	7	-19.609210
7	2IDOA	2	3	-127.053768
7	2IDOA	5	6	50.147168
3	2IDOB	0	2	-42.526267
6	2PYQA	3	4	118.575756
6	2PYQA	1	5	124.897710
6	2PYQA	4	5	125.815905
5	1RTYA	0	1	-164.816781
5	1RTYA	0	3	-163.060255
5	1RTYA	2	4	23.956880
5	1RTYA	3	4	-167.376131
7	2DYRC	0	1	-155.790595
7	2DYRC	3	4	-161.587133
7	2DYRC	2	5	-162.880439
7	2DYRC	4	5	-159.013451
7	2DYRC	2	6	-9.287796
7	2DYRC	3	6	-161.478250
7	2DYRC	4	6	31.854479
7	2DYRC	5	6	-158.298802
5	2O35A	2	3	116.934021
3	2FZTA	0	1	-155.506364
9	1FCYA	1	2	128.592493
9	1FCYA	3	4	128.143556
9	1FCYA	0	5	93.935922
9	1FCYA	2	5	139.681273
9	1FCYA	0	6	-91.170249
9	1FCYA	5	6	-161.879232
9	1FCYA	2	7	97.152948
9	1FCYA	4	7	-162.594741
9	1FCYA	1	8	64.252118
9	1HF8A	0	1	-144.721143
9	1HF8A	3	5	27.248708
9	1HF8A	6	7	-151.861929
4	1SBXA	1	3	121.869028
6	1UNLD	0	2	8.613420
6	1UNLD	1	3	-45.875827
6	1UNLD	2	3	130.043959
6	1UNLD	3	4	-51.797393
6	1UNLD	2	5	79.021638
9	2NYBA	1	3	-143.707648
9	2NYBA	2	3	-134.364417
9	2NYBA	5	7	143.503464
7	1VCTA	0	1	-160.890037
7	1VCTA	0	2	16.371229
7	1VCTA	1	2	-166.872739
9	1DVPA	0	1	-150.571105
9	1DVPA	0	2	-30.009916
9	1DVPA	0	3	124.377130
9	1DVPA	1	3	-44.501479
9	1DVPA	2	3	-153.666424
9	1DVPA	3	6	9.405904
9	1DVPA	5	6	-148.299154
9	1DVPA	5	7	-30.806579
5	1L3PA	1	2	146.815170
5	1L3PA	1	4	-155.873727
5	1L3PA	3	4	147.242610
7	1TZVA	0	1	130.470440
7	1TZVA	0	2	-41.786444
7	1TZVA	1	2	159.877546
7	1TZVA	0	4	128.729704
7	1TZVA	2	4	100.081651
7	1TZVA	3	4	104.844959
7	1TZVA	0	5	-53.615733
7	1TZVA	4	5	167.476964
7	1TZVA	4	6	-25.423063
7	1TZVA	5	6	158.142051
7	1ELRA	0	1	-162.138220
7	1ELRA	1	2	-160.758405
7	1ELRA	2	3	-167.765228
7	1ELRA	2	4	11.897899
7	1ELRA	3	4	-162.884472
7	1ELRA	4	5	-166.865437
7	1ELRA	4	6	29.923154
7	1ELRA	5	6	-149.677405
9	1FX7A	0	1	120.399344
9	1FX7A	0	2	-93.540985
9	1FX7A	0	3	-90.088240
4	1SCFA	1	2	-151.036058
4	1SCFA	1	3	-136.488893
5	3LYNA	0	1	139.146967
5	3LYNA	0	2	-28.754912
5	3LYNA	1	2	134.096456
10	1AF7A	0	2	22.632591
10	1AF7A	0	3	-102.263164
10	1AF7A	1	3	148.815697
10	1AF7A	4	5	-46.248075
10	1AF7A	5	7	103.750843
9	1ZK8A	0	1	110.064747
9	1ZK8A	0	3	-81.273441
9	1ZK8A	3	6	13.096900
9	1ZK8A	4	7	-38.876274
9	1ZK8A	6	7	114.047876
9	1ZK8A	4	8	138.219119
9	1ZK8A	7	8	164.990941
4	2BNMA	1	2	109.994295
4	1UP9A	2	3	173.144874
5	1C6RA	0	4	-93.563978
5	1C6RA	3	4	132.757460
5	1UCRA	0	3	-74.267847
5	1UCRA	2	3	114.519769
6	1U2WA	1	2	-85.278153
6	1U2WA	2	4	-76.413145
6	1U2WA	3	4	109.558456
6	1U2WA	2	5	-109.534958
8	2OQMA	1	4	-162.987524
8	2OQMA	3	4	10.333869
8	2OQMA	1	6	9.927504
8	2OQMA	1	7	135.003112
6	1F1EA	0	1	94.759123
6	1F1EA	1	4	142.511267
6	1F1EA	4	5	125.084073
5	2BW1A	0	1	-155.910641
5	2BW1A	0	3	-166.739012
5	2BW1A	1	3	22.273780
5	2BW1A	1	4	-167.798635
5	2BW1A	3	4	-156.085772
8	1T11A	0	1	130.446572
8	1T11A	3	6	-92.969109
8	1T11A	4	6	114.113077
8	1T11A	6	7	137.829697
9	2P4KA	1	2	-147.432488
9	2P4KA	3	8	81.461033
8	1MHQA	0	1	-154.093450
8	1MHQA	0	2	-28.685573
8	1MHQA	1	3	-50.697932
8	1MHQA	2	4	-47.287684
8	1MHQA	2	5	18.469350
8	1MHQA	3	6	7.194245
8	1MHQA	5	7	-30.355008
8	1MHQA	6	7	-133.086186
10	2D6YA	0	1	134.380789
10	2D6YA	1	2	98.482159
10	2D6YA	0	3	-92.717396
10	2D6YA	3	5	-135.291530
10	2D6YA	4	7	-41.974740
10	2D6YA	6	7	109.888345
10	2D6YA	4	9	143.499258
10	2D6YA	7	9	168.498691
5	1I1RB	1	2	-165.513093
5	1I1RB	1	3	-36.497255
5	1I1RB	0	4	-152.710484
5	1I1RB	1	4	-145.356007
4	2EFVA	0	2	61.041864
4	2EFVA	0	3	104.988198
4	2EFVA	1	3	109.115688
4	2GSCA	0	1	-168.042622
4	2GSCA	1	2	-161.400936
4	2GSCA	0	3	-156.639076
4	2GSCA	2	3	-165.592628
4	2BYKB	1	2	121.235938
4	2BYKB	2	3	170.678844
9	1R8JA	1	2	-14.060481
9	1R8JA	5	6	-157.487545
9	1R8JA	5	7	-58.230111
9	1R8JA	6	8	-58.455480
6	1IT2A	1	2	109.780100
6	1IT2A	1	4	129.095260
6	1IT2A	3	5	-55.882486
6	1IT2A	4	5	158.648772
6	1UB9A	1	2	92.095758
6	1UB9A	2	5	-113.619950
5	2Q3TA	1	2	142.841725
5	2Q3TA	1	3	-75.144802
5	2Q3TA	2	3	140.916035
5	2Q3TA	0	4	128.957570
7	1GVJA	1	2	132.914856
7	1GVJA	2	3	117.188654
7	1GVJA	2	4	-106.789025
5	1JDLA	1	3	42.665522
5	1JDLA	0	4	-97.689085
5	1JDLA	2	4	143.339400
5	2OOCA	1	2	-165.490161
5	2OOCA	2	3	-151.404774
5	2OOCA	1	4	-145.743135
8	1J77A	1	3	-153.505144
8	1J77A	4	6	-164.743826
8	1J77A	0	7	-8.136430
8	1J77A	1	7	150.114150
8	1J77A	4	7	-58.148056
3	1FE5A	0	2	-39.964136
3	1FE5A	1	2	-175.659466
5	1AX8A	0	2	-164.650155
5	1AX8A	1	2	-157.589135
5	1AX8A	0	4	-153.247833
5	1AX8A	1	4	-158.363507
5	1GDVA	0	4	-89.461260
5	1GDVA	3	4	124.326010
5	2QKLB	0	1	134.942897
5	2QKLB	1	2	102.626045
5	2QKLB	1	4	-73.567880
7	1C40A	1	2	111.975643
7	1C40A	1	5	123.980905
7	1C40A	0	6	-93.072361
7	1C40A	5	6	152.543626
7	1C40B	1	3	115.089474
7	1C40B	3	4	-146.668291
7	1C40B	1	5	131.989533
7	1C40B	0	6	-94.325183
7	1C40B	5	6	152.692049
5	1J30A	0	1	-157.804634
5	1J30A	2	4	-151.483981
7	2OUWA	1	3	14.795077
7	2OUWA	4	5	-162.169327
5	1FK5A	0	3	-62.032701
3	1LP1A	0	1	168.882588
3	1LP1A	0	2	11.182628
3	1LP1A	1	2	167.135702
4	2OY9A	0	1	-145.759979
4	2OY9A	1	2	121.795637
4	2OY9A	1	3	-122.290280
8	1K94A	0	1	145.741755
8	1K94A	0	3	131.105168
8	1K94A	2	3	120.405891
8	1K94A	2	6	21.225320
8	1K94A	3	6	120.089740
5	1IO3A	0	4	-90.212233
5	1IO3A	2	4	130.401766
8	1B9MA	0	1	133.967896
8	1B9MA	0	2	-104.373089
8	1B9MA	1	2	103.702087
4	1XMKA	0	1	112.535184
4	1XMKA	0	2	-72.066870
4	1XMKA	1	2	131.266669
7	2CJ4A	0	1	142.427129
7	2CJ4A	2	4	-167.431821
7	2CJ4A	3	5	-168.746651
7	2CJ4A	4	5	-160.531060
7	2CJ4A	1	6	-84.958465
7	2CJ4A	2	6	-159.275205
7	2CJ4A	5	6	-158.251606
3	1FS1A	0	2	-66.065549
4	1IJXA	2	3	-118.000618
8	1DTLA	0	3	116.954185
8	1DTLA	4	7	119.414050
8	1RWYA	1	2	154.703990
7	1P2XA	2	3	36.520169
7	1P2XA	0	5	48.718624
7	1P2XA	0	6	107.313846
7	1EYVA	0	1	115.620351
7	1EYVA	0	2	-43.270729
7	1EYVA	1	2	-150.548604
7	1EYVA	0	4	122.484502
7	1EYVA	2	4	93.282209
7	1EYVA	3	4	109.450269
7	1EYVA	0	5	-61.577468
7	1EYVA	4	5	166.095866
7	1EYVA	5	6	158.894725
8	1XW6A	0	2	12.010703
8	1XW6A	3	4	-167.034886
8	1XW6A	0	5	129.087172
8	1XW6A	3	5	30.926822
8	1XW6A	4	5	-137.097598
8	1XW6A	5	6	-113.845235
8	1XW6A	0	7	118.229744
4	1W53A	0	1	-165.766068
4	1W53A	0	2	-55.696453
4	1W53A	2	3	163.389097
10	2JEKA	1	5	24.215462
10	2JEKA	4	7	-89.221850
10	2JEKA	5	8	28.963437
10	2JEKA	7	8	-140.406848
10	2JEKA	7	9	-33.345639
8	1WMUB	1	3	116.043055
8	1WMUB	1	6	128.302748
8	1WMUB	0	7	-93.485227
8	1WMUB	6	7	155.647808
7	1WMUA	1	2	109.912255
7	1WMUA	1	5	123.864186
7	1WMUA	0	6	-89.107699
7	1WMUA	5	6	154.999291
7	1FPOA	1	2	-173.407175
7	1FPOA	4	5	-159.306336
7	1FPOA	3	6	-156.667263
7	1FPOA	4	6	-6.287636
7	1FPOA	5	6	-159.646367
3	2A06H	0	2	113.525448
3	2A06H	1	2	-159.090785
10	1R8SE	0	1	-155.532696
10	1R8SE	2	4	-56.412569
10	1R8SE	4	6	-37.256913
10	1R8SE	5	6	123.458560
10	1R8SE	5	7	-71.679554
10	1R8SE	6	7	128.138521
10	1R8SE	7	8	149.426611
10	1R8SE	7	9	-37.461367
10	1R8SE	8	9	127.032086
7	1GCVB	0	2	-145.655113
7	1GCVB	1	2	120.252358
7	1GCVB	1	5	121.336700
7	1GCVB	0	6	-87.236104
7	1GCVB	5	6	158.269877
7	1GCVA	1	2	111.164912
7	1GCVA	1	5	121.758452
7	1GCVA	0	6	-81.876632
7	1GCVA	5	6	153.737082
3	2AHMA	0	1	-165.167262
3	2AHMA	0	2	28.723810
3	2AHMA	1	2	-145.772535
3	1LP1B	0	1	174.829071
3	1LP1B	0	2	9.382263
3	1LP1B	1	2	167.632700
8	1KCFA	0	1	30.227353
8	1KCFA	2	3	-54.856843
8	1KCFA	4	7	81.007943
5	1WRKA	2	3	109.776764
5	1WRKA	0	4	104.046027
5	1WRKA	1	4	112.542502
5	1OQCA	1	2	-137.951749
5	1OQCA	0	3	-159.765836
5	1OQCA	2	3	124.151753
7	2H5NA	0	1	163.629419
7	2H5NA	0	2	-65.660472
7	2H5NA	0	3	-119.807544
7	2H5NA	0	4	-33.822287
7	2H5NA	1	4	154.094256
7	2H5NA	4	6	-111.083687
8	1NU7D	3	4	-165.795468
8	1NU7D	3	5	9.082872
8	1NU7D	4	5	172.870975
10	1N45A	1	2	-65.038106
10	1N45A	3	5	-150.053264
10	1N45A	3	6	-14.632197
10	1N45A	0	8	104.441167
10	1N45A	7	8	-161.708593
10	1N45A	0	9	-39.452967
10	1N45A	1	9	6.001853
10	1N45A	6	9	-164.260055
10	2FM8C	1	2	132.738800
10	2FM8C	1	3	63.329093
10	2FM8C	3	4	-165.452452
10	2FM8C	5	6	-170.618729
10	2FM8C	6	8	135.859717
10	2FM8C	3	9	-158.552063
10	2FM8C	4	9	14.939333
10	2FM8C	5	9	127.332759
10	2FM8C	8	9	151.820719
4	2PQ3A	0	3	132.979841
4	2PQ3A	2	3	128.337543
5	2PG4A	0	1	116.580853
5	2PG4A	0	4	-106.103501
8	2CIWA	0	1	89.869716
8	2CIWA	3	4	132.817807
8	2CIWA	4	5	140.788469
8	2CIWA	5	7	116.013195
6	1RCDA	0	1	-161.825893
6	1RCDA	0	2	-169.990261
6	1RCDA	1	2	14.345335
6	1RCDA	2	4	-156.808794
4	2ZFDB	2	3	-19.642790
10	2ZFDA	2	3	125.632601
10	2ZFDA	1	4	120.712872
10	2ZFDA	3	5	120.787704
10	2ZFDA	6	7	131.341482
10	2ZFDA	5	8	121.784498
6	1YLFA	1	2	110.466509
6	1YLFA	0	3	117.736687
6	1YLFA	0	5	-74.430629
8	1N2AA	0	1	3.646251
8	1N2AA	0	5	138.764426
8	1N2AA	2	5	20.763330
8	1N2AA	3	5	27.240073
8	1N2AA	5	6	-109.409507
8	1N2AA	0	7	126.993108
4	1A62A	0	2	138.692470
4	1A62A	1	2	30.175412
5	2JDIG	0	4	-163.857426
5	2FJCA	0	1	-157.146841
5	2FJCA	0	2	-104.014447
5	2FJCA	0	3	-167.254168
5	2FJCA	1	3	23.711528
5	2FJCA	1	4	-164.895685
5	2FJCA	3	4	-152.666880
3	1OPCA	0	2	-83.003191
9	2Q0ZX	0	2	130.444837
9	2Q0ZX	2	3	-92.932207
9	2Q0ZX	3	4	-153.204697
7	1B7YA	0	5	100.923739
5	1N1QA	0	1	-159.424593
5	1N1QA	0	3	-166.140909
5	1N1QA	1	4	-169.924821
5	1N1QA	3	4	-156.839915
5	1M6TA	0	1	-162.315133
5	1M6TA	1	2	-164.562555
5	1M6TA	2	4	-176.977160
8	1O9IA	1	2	-156.332941
8	1O9IA	3	4	143.795864
8	1O9IA	1	6	-162.374904
8	1O9IA	2	6	26.118140
8	1O9IA	2	7	-162.220718
8	1O9IA	6	7	-157.581270
8	1NGKA	1	3	143.629643
8	1NGKA	3	4	-124.297977
8	1NGKA	1	6	132.374214
8	1NGKA	2	6	-119.097996
8	1NGKA	6	7	163.970515
6	1K8KG	0	1	-168.782391
6	1K8KG	0	2	6.597915
6	1K8KG	2	4	-97.631665
6	1K8KG	3	5	-22.129792
6	1K8KG	4	5	-143.181706
3	2E2AA	0	1	-157.472810
3	2E2AA	0	2	16.045690
3	2E2AA	1	2	-148.526112
4	1KSOA	1	2	-138.695542
4	1KSOA	0	3	118.776535
4	1KSOA	1	3	-42.751717
4	1KSOA	2	3	-155.110332
4	3EJBA	0	1	143.715178
4	1OR7C	0	2	-44.359085
5	1Q8DA	0	1	-116.667307
5	1Q8DA	1	2	-154.608893
5	1Q8DA	0	3	72.161662
5	1Q8DA	2	4	-97.319509
6	2HR3A	1	3	-98.596832
9	1GH0A	2	4	125.982877
9	1GH0A	4	5	139.980313
9	1GH0A	2	7	130.423777
9	1GH0A	1	8	-90.675739
9	1GH0B	0	1	170.001702
9	1GH0B	3	4	127.971326
9	1GH0B	4	5	153.438104
9	1GH0B	3	7	134.883174
9	1GH0B	2	8	-51.228577
9	1GH0B	4	8	138.762279
9	1GH0B	7	8	171.300035
10	1IHGA	2	3	-167.457464
10	1IHGA	2	5	22.231127
10	1IHGA	3	5	-150.439286
10	1IHGA	5	6	-162.236887
10	1IHGA	5	7	25.559055
10	1IHGA	6	7	-155.737091
10	1IHGA	7	8	-161.601763
10	1IHGA	8	9	-156.144130
7	1URVA	1	2	139.153001
7	1URVA	1	3	114.452868
7	1URVA	1	5	123.501907
7	1URVA	0	6	-91.040415
7	1URVA	4	6	-53.920395
3	1EZ3A	0	1	-153.933916
3	1EZ3A	0	2	8.107707
8	1T6SA	0	2	-82.954154
8	1T6SA	4	5	115.133303
8	1T6SA	4	6	-79.120338
4	1E8AA	1	2	118.436919
4	1E8AA	0	3	124.611444
5	1JIGA	0	1	-158.097672
5	1JIGA	0	3	-166.346709
5	1JIGA	1	3	21.379906
5	1JIGA	0	4	29.836176
5	1JIGA	1	4	-169.619048
5	1JIGA	3	4	-155.589546
8	2QSSB	1	2	150.278701
8	2QSSB	1	3	115.649976
8	2QSSB	1	6	125.979110
8	2QSSB	0	7	-99.186945
8	2QSSB	6	7	155.612952
7	2GGMA	3	6	117.234107
3	2PMRA	0	2	25.530455
3	2PMRA	1	2	-159.225592
5	1TZYA	2	3	105.102497
4	1TZYC	2	3	107.763556
4	1TZYB	1	2	116.798042
4	1TZYB	2	3	162.119580
3	1TZYD	1	2	113.655205
9	1YIOA	5	6	128.770716
9	1YIOA	5	7	-90.955590
9	1YIOA	6	7	107.217146
6	1ZAVA	0	2	-57.234540
6	1ZAVA	1	3	149.059508
6	1ZAVA	3	4	-104.927799
6	2OEEA	1	2	-107.181994
6	2OEEA	1	4	-151.005472
4	1QX2A	1	2	109.460520
4	1QX2A	0	3	121.805014
4	1QX2A	2	3	109.876102
10	1BT3A	1	2	172.042073
10	1BT3A	5	6	-19.331747
10	1BT3A	2	7	-122.926950
10	1BT3A	6	7	164.120887
5	1PVHB	0	3	-155.270093
5	1PVHB	2	3	-155.983519
5	1PVHB	0	4	-147.227816
5	1PVHB	2	4	-146.322477
5	1KW4A	0	1	160.954444
5	1KW4A	3	4	145.760279
10	1UI5A	0	1	120.309892
10	1UI5A	0	2	-97.926611
10	1UI5A	3	5	-114.808744
10	1UI5A	6	7	131.453353
10	1UI5A	4	8	162.349393
10	1UI5A	7	8	165.124108
10	1UI5A	4	9	-18.010569
10	1UI5A	8	9	176.908059
10	1NIRA	1	5	-95.688062
10	1NIRA	4	5	127.928283
8	1NI2A	3	5	-63.188050
8	1NI2A	2	6	50.390302
8	1NI2A	3	6	-162.076504
9	1L6JA	1	2	68.265268
9	1L6JA	3	7	-43.101181
4	2J9UA	0	1	-159.962475
4	2J9UA	1	2	-145.871194
4	2J9UA	0	3	-159.822449
4	2J9UA	2	3	-144.104806
4	1L9LA	0	2	-67.760930
4	1L9LA	1	2	-168.369768
4	1L9LA	0	3	132.586192
8	1P2FA	0	4	-48.438217
3	1KU5A	1	2	118.822602
4	3FAPB	0	1	-161.787594
4	3FAPB	0	2	27.327884
4	3FAPB	1	2	-134.708663
4	3FAPB	0	3	-141.360931
4	3FAPB	2	3	167.222927
9	2BS2C	1	3	-136.403456
9	2BS2C	1	7	-133.420323
9	2BS2C	5	7	-125.408882
9	2BS2C	7	8	165.342471
4	2O38A	1	2	109.324667
4	2O38A	0	3	16.986892
3	1VF6A	0	1	-171.057987
3	1VF6C	0	1	-165.234999
8	1SPGB	1	3	117.790902
8	1SPGB	1	6	128.981517
8	1SPGB	0	7	-93.154036
6	1SPGA	1	2	120.699619
6	1SPGA	2	3	-147.914766
6	1SPGA	1	4	126.285974
6	1SPGA	0	5	-100.465503
6	1SPGA	4	5	153.400900
5	1RM6C	1	4	142.382761
5	1RM6C	2	4	-41.615207
5	1RM6C	3	4	113.185941
8	1KN1B	2	6	129.889575
8	1KN1B	3	7	121.177198
8	1KN1B	6	7	170.658717
9	1KN1A	3	7	128.777767
9	1KN1A	2	8	-71.353824
9	1KN1A	4	8	119.722173
9	1KN1A	7	8	177.849377
3	1J0PA	1	2	169.530026
5	1TJCA	0	1	-157.569846
5	1TJCA	1	2	-148.273707
5	1TJCA	2	3	-160.515850
5	1TJCA	3	4	-146.891961
4	2CO5A	0	1	92.217351
4	2CO5A	0	2	-76.231263
4	2CO5A	1	2	109.720684
4	2CO5A	0	3	-113.742478
3	2VE8A	0	1	115.591578
3	2VE8A	0	2	-75.641289
3	2VE8A	1	2	117.576836
4	1IG5A	0	1	125.958977
4	1IG5A	1	2	135.475693
4	1IG5A	0	3	114.891610
4	1IG5A	2	3	148.784529
5	1H32B	0	4	-98.394666
5	1H32B	2	4	135.846155
10	1S1EA	2	3	125.407973
10	1S1EA	1	4	117.126368
10	1S1EA	3	6	-122.311926
10	1S1EA	6	7	133.811022
10	1S1EA	5	8	126.814001
10	1S1EA	5	9	70.801594
5	1TJLA	1	2	-157.381157
6	1GV2A	0	1	133.827097
6	1GV2A	4	5	108.304105
6	2HQTA	2	5	76.770780
6	2HQTA	3	5	-112.619847
8	2IZPA	2	3	-173.898310
8	2IZPA	3	5	-41.446599
8	2IZPA	4	6	-163.068805
8	2IZPA	1	7	-174.996543
8	2IZPA	2	7	15.436286
8	2IZPA	3	7	-161.215098
3	2DB7A	1	2	-178.641070
4	1R7JA	0	1	145.874639
4	1R7JA	1	2	104.310121
5	1PK3A	0	1	154.790942
5	1PK3A	3	4	141.098234
10	1N1CA	1	2	-57.440551
10	1N1CA	2	3	-154.444746
10	1N1CA	6	7	-162.857461
10	1N1CA	7	9	-139.850005
4	1VMGA	1	2	-161.575382
6	2FSWA	1	3	-79.173947
6	2FSWA	2	3	114.645757
8	3EFZA	1	2	-166.482277
8	3EFZA	1	3	19.875797
8	3EFZA	3	4	-157.545779
8	3EFZA	3	5	19.340320
8	3EFZA	5	6	-165.638051
8	3EFZA	5	7	20.759745
8	3EFZA	6	7	-144.932497
7	3BZ6A	0	1	101.760900
7	3BZ6A	0	2	-81.726165
7	3BZ6A	1	2	102.568179
7	3BZ6A	0	4	-131.626453
7	3BZ6A	4	5	108.055982
7	3BZ6A	4	6	-81.950139
7	3BZ6A	5	6	105.608471
6	2V7FA	0	2	121.225481
6	2V7FA	2	3	117.509309
6	2V7FA	2	4	-75.857541
6	2V7FA	3	4	122.286748
6	2V7FA	0	5	121.647447
8	1XVBE	0	2	-14.544343
8	1XVBE	1	2	-155.722112
8	1XVBE	4	5	164.703697
8	1XVBE	4	6	-4.334940
8	1XVBE	5	6	-162.715588
4	1XK4C	0	1	129.276474
4	1XK4C	1	2	115.773881
5	1XK4A	1	3	114.364776
5	1XK4A	0	4	126.004438
5	1XK4A	3	4	118.797364
6	2F2EA	1	2	119.028090
6	2F2EA	2	3	121.496905
6	2F2EA	1	5	-109.198969
5	2QW6A	0	1	-148.622958
5	2QW6A	0	2	-32.766786
5	2QW6A	2	3	-171.111035
5	2QW6A	1	4	157.926741
5	2QW6A	2	4	28.813096
5	2QW6A	3	4	-160.040028
4	1HBKA	1	2	-55.629925
4	1HBKA	0	3	44.270070
4	1HBKA	1	3	-148.933476
5	1KR7A	0	1	117.462488
5	1KR7A	0	3	129.200988
5	1KR7A	3	4	169.551690
8	2GZ4A	1	2	146.662509
8	2GZ4A	1	5	121.856149
8	2GZ4A	5	6	167.007151
8	2GZ4A	0	7	144.648422
8	2GZ4A	1	7	38.000344
8	2GZ4A	2	7	-157.365947
6	2PVBA	0	1	157.838593
6	2PVBA	3	4	119.539089
6	2PVBA	1	5	-80.726355
6	2PVBA	2	5	123.361104
8	2G03A	0	1	119.938107
8	2G03A	2	3	-168.704141
8	2G03A	1	4	125.419818
8	2G03A	3	4	159.569288
8	2G03A	3	6	123.676522
8	2G03A	5	6	-144.695134
8	2G03A	0	7	150.929233
5	1GS9A	0	2	-158.968062
5	1GS9A	2	3	174.995811
5	1GS9A	0	4	-163.779935
5	1GS9A	3	4	-166.956763
6	2FBHA	1	2	113.575921
6	2FBHA	1	3	-85.044328
6	2FBHA	1	4	-95.949862
6	1WWIA	1	3	-78.757069
6	1WWIA	0	4	-56.848565
6	1WWIA	1	4	133.742209
6	1WWIA	2	4	98.175237
3	1V74A	0	1	94.816580
4	1V74B	0	1	-175.667511
4	1V74B	0	2	44.692289
4	1V74B	1	2	-138.981750
4	1V74B	0	3	-134.421375
4	1V74B	2	3	168.736557
4	1TWFJ	1	2	118.359519
8	1TWFE	0	1	-158.462900
4	1TWFC	0	3	109.870975
7	1TU9A	1	3	97.642703
7	1TU9A	1	5	140.051915
7	1TU9A	0	6	-102.892961
7	1TU9A	3	6	95.504318
7	1TU9A	5	6	155.748353
9	1T56A	0	1	120.260614
9	1T56A	1	2	94.205178
9	1T56A	3	4	153.846890
9	1T56A	3	6	13.586434
9	1T56A	4	6	166.872339
9	1T56A	4	7	-43.683353
9	1T56A	6	7	128.735275
9	1T56A	4	8	141.369925
9	1T56A	7	8	171.978553
5	1GQAA	0	1	-153.352428
5	1GQAA	1	3	-156.831149
5	1GQAA	3	4	-163.817873
8	1KHYA	0	1	118.003983
8	1KHYA	1	3	-143.595503
8	1KHYA	1	5	-141.341163
8	1KHYA	4	5	118.850054
8	1KHYA	3	6	150.477687
8	1KHYA	5	6	-96.083636
8	1KHYA	5	7	-170.961926
4	2QSBA	0	1	-147.472171
4	2QSBA	1	2	-172.712394
4	2QSBA	0	3	-157.266877
4	2QSBA	2	3	-156.098943
3	1YBZA	1	2	146.800208
6	1Q06A	2	3	141.956126
10	1H6GA	1	2	-159.594623
10	1H6GA	2	3	-176.838915
10	1H6GA	1	4	175.366290
10	1H6GA	2	4	21.707461
10	1H6GA	3	4	-158.260412
10	1H6GA	5	6	-158.245322
10	1H6GA	6	8	-169.463963
10	1H6GA	5	9	-176.509533
10	1H6GA	6	9	23.125792
8	2O4DA	2	3	-156.020282
8	2O4DA	2	5	-33.610036
8	2O4DA	1	7	-149.933985
8	2O4DA	2	7	-37.839909
8	2O4DA	5	7	-45.871736
7	2E9XC	3	4	-159.429805
9	1AA7A	0	1	160.400828
9	1AA7A	2	3	171.281961
9	1AA7A	3	4	-120.222010
9	1AA7A	0	6	25.718268
9	1AA7A	5	7	-64.210277
9	1AA7A	0	8	30.023455
9	1AA7A	6	8	-41.726864
9	1AA7A	7	8	-149.397021
6	1I5ZA	4	5	101.598192
7	1DLWA	1	2	130.304263
7	1DLWA	1	4	130.104356
7	1DLWA	4	5	149.599950
7	2A61A	2	3	122.876074
7	2A61A	2	4	-77.079786
7	2A61A	3	4	112.075194
5	1O9RA	0	1	-158.913550
5	1O9RA	0	3	-171.228758
5	1O9RA	1	3	24.803037
5	1O9RA	1	4	-168.817411
5	1O9RA	3	4	-158.870327
6	1LRIA	1	3	-135.200840
6	1LRIA	3	4	-129.255960
6	1FIOA	0	1	-155.315813
6	1FIOA	1	2	-153.483127
6	1FIOA	1	5	13.670079
6	1FIOA	2	5	-162.313696
5	2HKVA	1	2	144.218414
5	2HKVA	0	3	178.400179
5	2HKVA	1	3	20.046298
5	2HKVA	0	4	25.319274
5	2HKVA	1	4	-176.247308
7	2ISYA	0	1	118.024097
7	2ISYA	0	2	-94.800095
7	2ISYA	0	3	-88.991216
7	2ISYA	3	5	50.227345
5	1I8OA	1	3	39.978285
5	1I8OA	0	4	-93.404960
5	1I8OA	2	4	131.601167
10	2ABKA	1	4	153.234812
10	2ABKA	3	4	151.223653
10	2ABKA	1	6	147.814009
10	2ABKA	5	6	128.691367
10	2ABKA	7	9	82.054417
7	2NSZA	0	1	167.367347
7	2NSZA	0	2	-47.972012
7	2NSZA	1	3	-54.758601
7	2NSZA	2	3	-158.922924
7	2NSZA	2	4	-31.131138
7	2NSZA	3	5	-36.819298
7	2NSZA	4	5	-156.273322
4	1Y7YA	1	2	111.714544
4	1Y7YA	1	3	111.887407
7	2CWQA	1	2	-123.456427
7	2CWQA	3	4	-153.576204
7	2CWQA	3	5	-46.140095
5	1JMWA	0	1	-159.120242
5	1JMWA	0	2	24.034954
5	1JMWA	1	2	-154.719174
5	1JMWA	0	4	-162.264714
5	1JMWA	2	4	-150.109299
3	1HUUA	0	1	117.511088
5	2I9CA	0	1	-157.091511
5	2I9CA	0	2	126.175935
5	2I9CA	2	3	-146.667919
5	2I9CA	2	4	12.442145
5	2I9CA	3	4	-135.176224
5	2FUPA	0	1	-157.271353
5	2FUPA	0	3	22.595766
5	2FUPA	1	4	17.949575
5	2FUPA	3	4	-143.516869
6	1R03A	0	1	-162.161781
6	1R03A	0	2	-169.661092
6	1R03A	1	2	13.749373
6	1R03A	2	4	-157.459714
6	1R03A	4	5	139.546299
5	1JI5A	0	1	-158.545943
5	1JI5A	0	3	-166.633006
5	1JI5A	1	3	19.311808
5	1JI5A	1	4	-171.659925
5	1JI5A	3	4	-157.636535
5	1TJOA	0	1	-160.897031
5	1TJOA	0	2	-105.231101
5	1TJOA	0	3	-166.220711
5	1TJOA	1	3	26.455582
5	1TJOA	1	4	-165.336476
5	1TJOA	3	4	-157.895093
4	1MQVA	0	1	-153.542360
4	1MQVA	1	2	-159.865410
4	1MQVA	2	3	-170.266856
5	1M8TA	0	3	-35.748813
5	1M8TA	2	3	174.605785
7	1WPBA	0	1	-166.294007
7	1WPBA	3	4	-65.983348
7	1WPBA	3	5	65.798703
7	1WPBA	5	6	145.674077
10	1NVMB	0	1	-16.509570
10	1NVMB	2	3	-27.305492
10	1NVMB	4	5	34.240862
10	1NVMB	5	7	-12.467930
10	1NVMB	5	8	134.570320
10	1NVMB	0	9	-46.350584
6	2GA1A	2	5	-83.647479
6	2GA1A	4	5	-101.858097
9	1VI0A	1	2	100.575563
9	1VI0A	3	4	138.625973
9	1VI0A	0	5	68.610883
9	1VI0A	3	6	-9.720321
9	1VI0A	4	6	148.332070
9	1VI0A	4	7	-30.716773
9	1VI0A	6	7	121.281952
9	1VI0A	4	8	140.359878
4	1N28A	0	1	92.923321
4	1N28A	0	3	-33.187041
4	1N28A	2	3	172.929880
5	1VJXA	0	1	-159.388251
5	1VJXA	0	3	-159.943886
5	1VJXA	3	4	-161.894157
3	1MJKA	0	1	109.353745
10	1BI0A	0	1	113.271961
10	1BI0A	0	2	-101.556729
10	1BI0A	0	3	-86.357967
10	1BI0A	3	5	51.439989
5	2I15A	2	3	-157.372713
5	2I15A	3	4	151.112890
4	1VL9A	0	3	-35.216229
4	1VL9A	2	3	176.410672
9	2ZOZA	0	1	111.813502
9	2ZOZA	1	2	101.003747
9	2ZOZA	0	3	-100.305619
9	2ZOZA	0	5	87.016525
9	2ZOZA	3	6	-10.504248
9	2ZOZA	4	7	14.884492
9	2ZOZA	7	8	-172.612753
5	2GS4A	0	1	-154.163071
5	2GS4A	0	2	-16.177691
5	2GS4A	0	3	-159.857556
5	2GS4A	1	4	-170.994342
5	2GS4A	3	4	-162.229560
6	1HSSA	0	2	-74.872462
6	1HSSA	2	3	145.978838
6	1OKRA	0	2	-77.773758
6	1OKRA	1	2	125.410557
5	1BUNA	0	3	-33.459799
5	1BUNA	2	3	174.014368
9	1FQIA	1	2	-101.123414
9	1FQIA	3	4	-168.281925
9	1FQIA	1	6	110.642511
9	1FQIA	3	6	-142.451692
6	2A06D	0	4	-98.695416
6	2A06D	3	4	149.803973
4	2A06F	1	3	126.898700
8	1JBOA	2	3	126.174580
8	1JBOA	3	4	141.098898
8	1JBOA	2	6	129.786282
8	1JBOA	1	7	-92.054515
8	1JBOA	6	7	-173.969081
9	1JBOB	0	1	-169.257541
9	1JBOB	3	4	127.748169
9	1JBOB	3	7	137.370696
9	1JBOB	2	8	-52.360470
9	1JBOB	4	8	138.474923
9	1JBOB	7	8	169.332741
7	3BWGA	0	2	-65.332513
4	1BEAA	0	1	-144.086702
4	1BEAA	0	3	115.896709
4	1BEAA	2	3	166.937977
5	2ICTA	1	2	106.090772
5	2ICTA	1	3	101.797664
9	2Q4XA	2	3	-152.901823
9	2Q4XA	2	4	-4.272278
9	2Q4XA	5	7	-148.421955
9	2Q4XA	1	8	36.265064
9	2Q4XA	4	8	-156.311333
9	2Q4XA	5	8	-34.217675
5	1K8KF	2	4	128.500704
7	1YS7A	0	3	-60.478391
7	1YS7A	4	5	122.485496
7	1YS7A	4	6	-84.767901
9	1K8KD	1	2	85.703046
9	1K8KD	0	3	155.410721
9	1K8KD	2	4	113.266143
9	1K8KD	4	7	126.924736
5	1K8KE	0	1	-64.730174
5	1K8KE	1	3	-52.021323
7	1K8KB	0	1	98.166632
7	1K8KB	4	6	-52.820834
4	1X79A	0	1	-146.877068
4	1X79A	0	3	24.826185
4	1X79A	1	3	-141.400630
4	1X79A	2	3	-156.898438
6	3DEUA	1	3	-93.042403
6	3DEUA	2	3	112.640700
6	3DEUA	1	4	-91.229935
6	1UX8A	0	1	136.579889
6	1UX8A	1	2	-119.842011
6	1UX8A	0	4	131.437346
5	1FS0G	1	2	-45.006089
5	1FS0G	0	4	-161.996358
8	1KKCA	1	2	-149.104612
8	1KKCA	4	6	143.664449
8	1KKCA	3	7	76.785068
7	1DQEA	1	3	118.309959
7	1DQEA	2	3	-70.588189
7	1DQEA	4	5	137.959865
7	1DQEA	3	6	84.094121
7	1DQEA	5	6	132.626952
6	1E7LA	3	4	139.680621
6	1E7LA	3	5	149.530271
6	1E7LA	4	5	22.654968
8	1KLXA	0	1	-147.959385
8	1KLXA	0	2	21.942858
8	1KLXA	2	3	-132.548407
8	1KLXA	3	4	-163.357517
8	1KLXA	4	5	-134.943857
8	1KLXA	5	6	-162.365434
8	1KLXA	6	7	-131.010999
4	1FSEA	0	1	130.662656
4	1FSEA	0	2	-100.605937
4	1FSEA	2	3	57.039884
5	1I5NA	0	1	-153.107468
5	1I5NA	1	2	-154.703450
5	1I5NA	0	3	-162.160725
5	1I5NA	2	3	-153.829366
5	1I5NA	2	4	21.636231
5	1I5NA	3	4	-150.297020
7	2FBKA	2	4	-78.818497
7	2FBKA	2	5	-102.992427
8	1ZA0A	1	2	-144.427100
8	1ZA0A	0	4	144.009439
8	1ZA0A	3	4	-152.731873
8	1ZA0A	3	5	-43.790255
8	1ZA0A	1	6	-119.594178
8	1ZA0A	3	7	127.100306
3	1B67A	1	2	116.749560
6	2OKUA	2	3	-153.642735
6	2OKUA	3	4	-169.550135
6	2OKUA	4	5	-167.933554
5	1V2ZA	1	2	-161.014433
5	1V2ZA	1	3	-57.100988
5	1V2ZA	2	4	-54.587907
5	1DW0A	0	4	-153.396365
5	1DW0A	1	4	-95.526922
3	2P5KA	0	2	-79.508717
9	1XPCA	1	2	124.240444
9	1XPCA	2	5	143.993879
9	1XPCA	5	6	-166.043629
9	1XPCA	2	7	101.669510
9	1XPCA	4	7	-167.695663
9	1XPCA	5	7	-53.888524
9	1XPCA	6	7	128.345497
9	1XPCA	2	8	98.589176
8	1JUQA	0	1	-161.741773
8	1JUQA	0	2	-32.481326
8	1JUQA	1	3	-48.875719
8	1JUQA	2	4	-50.924408
8	1JUQA	3	6	10.000859
8	1JUQA	5	7	-20.450770
8	1JUQA	6	7	-136.079562
7	2PXRC	0	1	-173.909838
7	2PXRC	1	6	158.384681
7	2PXRC	2	6	-30.156868
7	2PXRC	3	6	132.399747
8	1Z67A	1	5	138.715667
8	1Z67A	1	6	-84.530855
8	1Z67A	4	6	89.955389
7	1CH4A	1	2	146.844812
7	1CH4A	1	3	115.184748
7	1CH4A	3	4	-145.953166
7	1CH4A	1	5	128.596603
7	1CH4A	0	6	-89.254817
7	1CH4A	5	6	153.874372
10	1KS9A	4	5	154.381797
10	1KS9A	4	6	-60.616206
10	1KS9A	5	6	128.869843
10	1KS9A	5	8	54.368280
10	1KS9A	8	9	-137.304588
6	1R0DA	0	1	-166.973564
6	1R0DA	0	3	11.537768
6	1R0DA	1	4	12.063196
6	1R0DA	3	4	-163.231794
6	1R0DA	1	5	-169.714820
6	1R0DA	4	5	-175.353036
4	1HX1B	0	2	-169.537630
4	1HX1B	0	3	14.469521
4	1HX1B	2	3	-161.662054
6	1S7OA	0	1	-128.485595
6	1S7OA	1	2	129.900471
6	1S7OA	0	3	74.892997
6	1S7OA	1	3	-100.673918
6	1S7OA	4	5	-162.793340
7	2NSFA	1	2	135.070854
7	2NSFA	0	3	-172.402995
7	2NSFA	1	3	23.468269
7	2NSFA	0	4	24.830596
7	2NSFA	1	4	-171.535393
7	2NSFA	3	4	-152.947949
7	2NSFA	5	6	42.897509
5	2CFXA	0	1	119.618163
5	2CFXA	1	2	107.088812
7	1BINA	0	3	-168.209113
7	1BINA	1	5	142.546093
7	1BINA	3	6	93.860883
7	1BINA	5	6	146.777327
Counter({5: 208, 4: 149, 6: 144, 7: 117, 8: 117, 9: 113, 3: 106, 10: 93}) 1047
