ChainID	SSE 1	SSE 2	Class	Global Angle	Local Angle	Cont 1	Cont 2	Distance	Covalnt	Electro	H-Bond	VDW
1JGSA	5	7	30	113.394746	114.233532	3	3	10.395727	0	0	0	1
1JGSA	3	13	8	-109.631386	-109.434227	3	4	10.544997	0	5	0	3
1U9LA	1	3	32	131.658551	132.098283	5	5	8.399150	0	0	0	1
1U9LA	5	9	5	-134.941996	-138.170876	5	8	7.577368	0	0	2	3
2APLA	1	3	32	135.668733	135.576861	8	9	8.744340	0	0	2	2
2APLA	1	5	15	-39.683526	-40.049844	5	6	10.994607	0	0	2	7
2APLA	3	5	34	150.806720	150.682958	6	6	8.144415	0	0	2	7
2APLA	7	9	32	134.777478	132.950104	6	5	8.849895	0	0	0	2
2APLA	7	13	12	-63.269238	-63.190403	5	4	10.093883	0	0	1	9
2APLA	11	13	35	160.427393	161.589287	3	5	9.968582	0	0	0	0
1DVOA	3	11	6	-128.565603	-129.074677	3	5	8.497509	0	0	0	1
1DVOA	9	11	33	140.535792	142.977623	3	4	11.099319	0	0	0	4
1DVOA	13	19	3	-157.148043	-157.339119	3	5	9.470434	0	3	1	2
1XSVA	1	3	5	-130.866663	-133.593225	5	4	10.036920	0	0	1	6
1XSVA	1	7	26	71.500310	68.223583	5	6	10.691856	0	8	2	11
1XSVA	3	7	9	-92.310667	-90.470174	5	5	9.490960	0	0	1	2
1XSVA	9	11	1	-175.192946	-173.354183	6	5	9.269253	0	0	0	2
1QPWA	3	5	30	115.909315	115.546034	5	3	7.004250	0	0	0	1
1QPWA	5	7	4	-147.827412	-149.954423	3	3	2.745457	0	0	1	2
1QPWA	3	9	31	123.214242	123.171628	6	7	8.244068	0	0	0	3
1QPWA	1	11	9	-95.887723	-94.710346	4	4	8.480025	0	2	1	3
1QPWA	9	11	34	152.621568	152.039375	4	5	9.713360	0	0	0	1
1PN9A	3	13	18	-3.105781	-3.329482	5	4	8.659015	0	0	1	4
1PN9A	17	19	3	-152.923234	-156.768228	4	5	7.835275	0	1	1	7
1PN9A	3	21	32	139.324919	139.343797	5	5	7.878549	0	0	2	3
1PN9A	17	21	21	27.687507	29.910290	4	6	10.651063	0	0	1	7
1PN9A	21	23	8	-107.160077	-110.045789	5	3	10.615494	0	2	1	1
1PN9A	21	25	16	-29.853686	-35.476173	5	4	8.008063	0	0	0	4
1Z6OA	3	5	3	-158.644949	-160.877190	10	11	7.332653	0	0	3	9
1Z6OA	3	7	2	-166.289666	-167.708864	7	9	10.896228	0	6	2	4
1Z6OA	7	11	3	-153.285486	-155.600861	9	8	8.994472	0	0	0	3
1Z6OA	11	13	34	158.537387	161.177335	5	4	6.393421	0	0	0	1
1Z6OM	1	3	2	-160.900453	-162.540233	14	14	7.006245	0	0	1	7
1Z6OM	1	5	1	-171.190025	-170.993671	10	12	8.146177	1	0	2	11
1Z6OM	3	5	20	11.560017	12.626277	3	4	6.834516	0	0	0	1
2OEBA	1	7	34	151.651910	150.678552	5	4	11.703324	0	0	0	8
2OEBA	3	7	13	-52.796881	-48.049195	6	8	9.617038	0	1	1	6
2OEBA	5	7	4	-144.237402	-143.650832	5	5	7.511598	0	0	0	2
2OEBA	1	11	14	-49.670475	-45.621165	10	7	8.619995	0	6	2	9
2OEBA	3	11	3	-152.418198	-158.826194	7	6	8.864458	0	0	0	4
2OEBA	7	11	31	127.918023	126.023017	4	5	9.930663	0	0	1	1
