6	1JGSA	2	3	113.394746
6	1JGSA	1	4	-109.631386
5	1U9LA	0	1	131.658551
5	1U9LA	2	4	-134.941996
7	2APLA	0	1	135.668733
7	2APLA	0	2	-39.683526
7	2APLA	1	2	150.806720
7	2APLA	3	4	134.777478
7	2APLA	3	6	-63.269238
7	2APLA	5	6	160.427393
6	1DVOA	1	3	-128.565603
6	1DVOA	2	3	140.535792
6	1DVOA	4	5	-157.148043
6	1XSVA	0	1	-130.866663
6	1XSVA	0	3	71.500310
6	1XSVA	1	3	-92.310667
6	1XSVA	4	5	-175.192946
6	1QPWA	1	2	115.909315
6	1QPWA	2	3	-147.827412
6	1QPWA	1	4	123.214242
6	1QPWA	0	5	-95.887723
6	1QPWA	4	5	152.621568
9	1PN9A	0	2	-3.105781
9	1PN9A	4	5	-152.923234
9	1PN9A	0	6	139.324919
9	1PN9A	4	6	27.687507
9	1PN9A	6	7	-107.160077
9	1PN9A	6	8	-29.853686
7	1Z6OA	1	2	-158.644949
7	1Z6OA	1	3	-166.289666
7	1Z6OA	3	5	-153.285486
7	1Z6OA	5	6	158.537387
6	1Z6OM	0	1	-160.900453
6	1Z6OM	0	2	-171.190025
6	1Z6OM	1	2	11.560017
6	2OEBA	0	3	151.651910
6	2OEBA	1	3	-52.796881
6	2OEBA	2	3	-144.237402
6	2OEBA	0	5	-49.670475
6	2OEBA	1	5	-152.418198
6	2OEBA	3	5	127.918023
